reactants,products,reactionString,ruleName,thermo,reactionType
Cc1cccc(C=C2OC(=O)CC2=O)c1.NC(=O)C1=CN([C@@H]2O[C@H](COP(=O)(O)OP(=O)(O)OC[C@H]3O[C@@H](n4cnc5c(N)ncnc54)[C@H](OP(=O)(O)O)[C@@H]3O)[C@@H](O)[C@H]2O)C=CC1.O=O,CC1=CC(C=C2OC(=O)CC2=O)=CC2OC12.NC(=O)c1ccc[n+]([C@@H]2O[C@H](COP(=O)(O)OP(=O)(O)OC[C@H]3O[C@@H](n4cnc5c(N)ncnc54)[C@H](OP(=O)(O)O)[C@@H]3O)[C@@H](O)[C@H]2O)c1.O,Cc1cccc(C=C2OC(=O)CC2=O)c1.NC(=O)C1=CN([C@@H]2O[C@H](COP(=O)(O)OP(=O)(O)OC[C@H]3O[C@@H](n4cnc5c(N)ncnc54)[C@H](OP(=O)(O)O)[C@@H]3O)[C@@H](O)[C@H]2O)C=CC1.O=O >> CC1=CC(C=C2OC(=O)CC2=O)=CC2OC12.NC(=O)c1ccc[n+]([C@@H]2O[C@H](COP(=O)(O)OP(=O)(O)OC[C@H]3O[C@@H](n4cnc5c(N)ncnc54)[C@H](OP(=O)(O)O)[C@@H]3O)[C@@H](O)[C@H]2O)c1.O,rule0951_1,No_Thermo,Enzymatic
O=C1CC(=O)C(=CCc2cccc(O)c2)O1,Cc1cc(O)cc(C=C2OC(=O)CC2=O)c1,O=C1CC(=O)C(=CCc2cccc(O)c2)O1 >> Cc1cc(O)cc(C=C2OC(=O)CC2=O)c1,rule0028_51,No_Thermo,Enzymatic
O.O=C1CC(O)OC1=CC(O)c1ccccc1,OC(=C1OC(O)CC1O)C(O)c1ccccc1,O.O=C1CC(O)OC1=CC(O)c1ccccc1 >> OC(=C1OC(O)CC1O)C(O)c1ccccc1,rule0070_6,No_Thermo,Enzymatic
NC(=O)C1=CN([C@@H]2O[C@H](COP(=O)(O)OP(=O)(O)OC[C@H]3O[C@@H](n4cnc5c(N)ncnc54)[C@H](OP(=O)(O)O)[C@@H]3O)[C@@H](O)[C@H]2O)C=CC1.O=C1CC(=O)C(=CCc2ccc(O)cc2)O1.O=O,NC(=O)c1ccc[n+]([C@@H]2O[C@H](COP(=O)(O)OP(=O)(O)OC[C@H]3O[C@@H](n4cnc5c(N)ncnc54)[C@H](OP(=O)(O)O)[C@@H]3O)[C@@H](O)[C@H]2O)c1.O.O=C1CC(=O)C(=CCc2ccc(O)c(O)c2)O1,NC(=O)C1=CN([C@@H]2O[C@H](COP(=O)(O)OP(=O)(O)OC[C@H]3O[C@@H](n4cnc5c(N)ncnc54)[C@H](OP(=O)(O)O)[C@@H]3O)[C@@H](O)[C@H]2O)C=CC1.O=C1CC(=O)C(=CCc2ccc(O)cc2)O1.O=O >> NC(=O)c1ccc[n+]([C@@H]2O[C@H](COP(=O)(O)OP(=O)(O)OC[C@H]3O[C@@H](n4cnc5c(N)ncnc54)[C@H](OP(=O)(O)O)[C@@H]3O)[C@@H](O)[C@H]2O)c1.O.O=C1CC(=O)C(=CCc2ccc(O)c(O)c2)O1,rule0004_09,No_Thermo,Enzymatic
O=C1CC(=O)C(=CC(O)c2ccccc2)O1.OO,O.O=C1CC(=O)C(=CC(O)c2ccc(O)cc2)O1,O=C1CC(=O)C(=CC(O)c2ccccc2)O1.OO >> O.O=C1CC(=O)C(=CC(O)c2ccc(O)cc2)O1,rule1165_2,No_Thermo,Enzymatic
CC=C1OC(=O)CC1=O.CC=C1OC(=O)CC1=O,C=C1OC(=O)CC1=O.CC(C)=C1OC(=O)CC1=O,CC=C1OC(=O)CC1=O.CC=C1OC(=O)CC1=O >> C=C1OC(=O)CC1=O.CC(C)=C1OC(=O)CC1=O,rule0126_2,No_Thermo,Enzymatic
O.O=C1CC(=O)C(=CCc2ccc(O)cc2)O1,O=C1CC(=O)C(O)(CCc2ccc(O)cc2)O1,O.O=C1CC(=O)C(=CCc2ccc(O)cc2)O1 >> O=C1CC(=O)C(O)(CCc2ccc(O)cc2)O1,rule0020_19,No_Thermo,Enzymatic
NC(=O)C1=CN([C@@H]2O[C@H](COP(=O)(O)OP(=O)(O)OC[C@H]3O[C@@H](n4cnc5c(N)ncnc54)[C@H](OP(=O)(O)O)[C@@H]3O)[C@@H](O)[C@H]2O)C=CC1.O=C1CC(O)C(=CC(O)c2ccccc2)O1.O=O,NC(=O)c1ccc[n+]([C@@H]2O[C@H](COP(=O)(O)OP(=O)(O)OC[C@H]3O[C@@H](n4cnc5c(N)ncnc54)[C@H](OP(=O)(O)O)[C@@H]3O)[C@@H](O)[C@H]2O)c1.O.O.O=C1CC(O)C(=CC(=O)c2ccccc2)O1,NC(=O)C1=CN([C@@H]2O[C@H](COP(=O)(O)OP(=O)(O)OC[C@H]3O[C@@H](n4cnc5c(N)ncnc54)[C@H](OP(=O)(O)O)[C@@H]3O)[C@@H](O)[C@H]2O)C=CC1.O=C1CC(O)C(=CC(O)c2ccccc2)O1.O=O >> NC(=O)c1ccc[n+]([C@@H]2O[C@H](COP(=O)(O)OP(=O)(O)OC[C@H]3O[C@@H](n4cnc5c(N)ncnc54)[C@H](OP(=O)(O)O)[C@@H]3O)[C@@H](O)[C@H]2O)c1.O.O.O=C1CC(O)C(=CC(=O)c2ccccc2)O1,rule0073_5,No_Thermo,Enzymatic
O.O=C1CC(=O)C(=CCc2ccccc2O)O1,O=C(O)CC(=O)C(O)=CCc1ccccc1O,O.O=C1CC(=O)C(=CCc2ccccc2O)O1 >> O=C(O)CC(=O)C(O)=CCc1ccccc1O,rule0035_7,No_Thermo,Enzymatic
O=C(O)CC(=O)C(O)=CCc1ccccc1.OO,O.O=C(O)CC(=O)C(O)=CCc1cccc(O)c1,O=C(O)CC(=O)C(O)=CCc1ccccc1.OO >> O.O=C(O)CC(=O)C(O)=CCc1cccc(O)c1,rule1165_2,No_Thermo,Enzymatic
CC(C)=CCOP(=O)(O)OP(=O)(O)O.Oc1ccccc1,CC(C)=CCc1ccc(O)cc1.O=P(O)(O)OP(=O)(O)O,CC(C)=CCOP(=O)(O)OP(=O)(O)O.Oc1ccccc1 >> CC(C)=CCc1ccc(O)cc1.O=P(O)(O)OP(=O)(O)O,rule0110_5,No_Thermo,Enzymatic
NC(=O)C1=CN([C@@H]2O[C@H](COP(=O)(O)OP(=O)(O)OC[C@H]3O[C@@H](n4cnc5c(N)ncnc54)[C@H](OP(=O)(O)O)[C@@H]3O)[C@@H](O)[C@H]2O)C=CC1.O=C1CC(O)OC1=C(O)Cc1ccccc1.O=O,NC(=O)c1ccc[n+]([C@@H]2O[C@H](COP(=O)(O)OP(=O)(O)OC[C@H]3O[C@@H](n4cnc5c(N)ncnc54)[C@H](OP(=O)(O)O)[C@@H]3O)[C@@H](O)[C@H]2O)c1.O.O=C1CC(O)OC1=C(O)Cc1ccccc1O,NC(=O)C1=CN([C@@H]2O[C@H](COP(=O)(O)OP(=O)(O)OC[C@H]3O[C@@H](n4cnc5c(N)ncnc54)[C@H](OP(=O)(O)O)[C@@H]3O)[C@@H](O)[C@H]2O)C=CC1.O=C1CC(O)OC1=C(O)Cc1ccccc1.O=O >> NC(=O)c1ccc[n+]([C@@H]2O[C@H](COP(=O)(O)OP(=O)(O)OC[C@H]3O[C@@H](n4cnc5c(N)ncnc54)[C@H](OP(=O)(O)O)[C@@H]3O)[C@@H](O)[C@H]2O)c1.O.O=C1CC(O)OC1=C(O)Cc1ccccc1O,rule0004_10,No_Thermo,Enzymatic
NC(=O)C1=CN([C@@H]2O[C@H](COP(=O)(O)OP(=O)(O)OC[C@H]3O[C@@H](n4cnc5c(N)ncnc54)[C@H](OP(=O)(O)O)[C@@H]3O)[C@@H](O)[C@H]2O)C=CC1.O=C1CC(=O)C(O)(CCc2ccccc2)O1.O=O,NC(=O)c1ccc[n+]([C@@H]2O[C@H](COP(=O)(O)OP(=O)(O)OC[C@H]3O[C@@H](n4cnc5c(N)ncnc54)[C@H](OP(=O)(O)O)[C@@H]3O)[C@@H](O)[C@H]2O)c1.O.O=C1CC(=O)C(O)(C(O)Cc2ccccc2)O1,NC(=O)C1=CN([C@@H]2O[C@H](COP(=O)(O)OP(=O)(O)OC[C@H]3O[C@@H](n4cnc5c(N)ncnc54)[C@H](OP(=O)(O)O)[C@@H]3O)[C@@H](O)[C@H]2O)C=CC1.O=C1CC(=O)C(O)(CCc2ccccc2)O1.O=O >> NC(=O)c1ccc[n+]([C@@H]2O[C@H](COP(=O)(O)OP(=O)(O)OC[C@H]3O[C@@H](n4cnc5c(N)ncnc54)[C@H](OP(=O)(O)O)[C@@H]3O)[C@@H](O)[C@H]2O)c1.O.O=C1CC(=O)C(O)(C(O)Cc2ccccc2)O1,rule0004_13,No_Thermo,Enzymatic
NC(=O)C1=CN([C@@H]2O[C@H](COP(=O)(O)OP(=O)(O)OC[C@H]3O[C@@H](n4cnc5c(N)ncnc54)[C@H](OP(=O)(O)O)[C@@H]3O)[C@@H](O)[C@H]2O)C=CC1.O=C1CC(=O)C(=CCc2ccc(O)cc2)O1.O=O,NC(=O)c1ccc[n+]([C@@H]2O[C@H](COP(=O)(O)OP(=O)(O)OC[C@H]3O[C@@H](n4cnc5c(N)ncnc54)[C@H](OP(=O)(O)O)[C@@H]3O)[C@@H](O)[C@H]2O)c1.O.O=C1CC(=O)C2(O1)OC2Cc1ccc(O)cc1,NC(=O)C1=CN([C@@H]2O[C@H](COP(=O)(O)OP(=O)(O)OC[C@H]3O[C@@H](n4cnc5c(N)ncnc54)[C@H](OP(=O)(O)O)[C@@H]3O)[C@@H](O)[C@H]2O)C=CC1.O=C1CC(=O)C(=CCc2ccc(O)cc2)O1.O=O >> NC(=O)c1ccc[n+]([C@@H]2O[C@H](COP(=O)(O)OP(=O)(O)OC[C@H]3O[C@@H](n4cnc5c(N)ncnc54)[C@H](OP(=O)(O)O)[C@@H]3O)[C@@H](O)[C@H]2O)c1.O.O=C1CC(=O)C2(O1)OC2Cc1ccc(O)cc1,rule0077_4,No_Thermo,Enzymatic
O=C1CC(=O)C(=CCC2=CC=CC3OC23)O1,O=C1CC(=O)C(=CCC23C=CC=CC2O3)O1,O=C1CC(=O)C(=CCC2=CC=CC3OC23)O1 >> O=C1CC(=O)C(=CCC23C=CC=CC2O3)O1,rule0028_51,No_Thermo,Enzymatic
Cc1cccc(C=C2OC(=O)CC2=O)c1.NC(=O)C1=CN([C@@H]2O[C@H](COP(=O)(O)OP(=O)(O)OC[C@H]3O[C@@H](n4cnc5c(N)ncnc54)[C@H](OP(=O)(O)O)[C@@H]3O)[C@@H](O)[C@H]2O)C=CC1.O=O,CC12C=C(C=C3OC(=O)CC3=O)C=CC1O2.NC(=O)c1ccc[n+]([C@@H]2O[C@H](COP(=O)(O)OP(=O)(O)OC[C@H]3O[C@@H](n4cnc5c(N)ncnc54)[C@H](OP(=O)(O)O)[C@@H]3O)[C@@H](O)[C@H]2O)c1.O,Cc1cccc(C=C2OC(=O)CC2=O)c1.NC(=O)C1=CN([C@@H]2O[C@H](COP(=O)(O)OP(=O)(O)OC[C@H]3O[C@@H](n4cnc5c(N)ncnc54)[C@H](OP(=O)(O)O)[C@@H]3O)[C@@H](O)[C@H]2O)C=CC1.O=O >> CC12C=C(C=C3OC(=O)CC3=O)C=CC1O2.NC(=O)c1ccc[n+]([C@@H]2O[C@H](COP(=O)(O)OP(=O)(O)OC[C@H]3O[C@@H](n4cnc5c(N)ncnc54)[C@H](OP(=O)(O)O)[C@@H]3O)[C@@H](O)[C@H]2O)c1.O,rule0951_1,No_Thermo,Enzymatic
O=C1CC(=O)C(=CCC2=CC=CC(O)C2O)O1,C=C1OC(=O)C(CC2=CC=CC(O)C2O)C1=O,O=C1CC(=O)C(=CCC2=CC=CC(O)C2O)O1 >> C=C1OC(=O)C(CC2=CC=CC(O)C2O)C1=O,rule0028_51,No_Thermo,Enzymatic
NC(=O)C1=CN([C@@H]2O[C@H](COP(=O)(O)OP(=O)(O)OC[C@H]3O[C@@H](n4cnc5c(N)ncnc54)[C@H](OP(=O)(O)O)[C@@H]3O)[C@@H](O)[C@H]2O)C=CC1.O=C1CC(O)OC1=CC(O)c1ccccc1.O=O,NC(=O)c1ccc[n+]([C@@H]2O[C@H](COP(=O)(O)OP(=O)(O)OC[C@H]3O[C@@H](n4cnc5c(N)ncnc54)[C@H](OP(=O)(O)O)[C@@H]3O)[C@@H](O)[C@H]2O)c1.O.O=C1CC(O)OC1=CC(O)(O)c1ccccc1,NC(=O)C1=CN([C@@H]2O[C@H](COP(=O)(O)OP(=O)(O)OC[C@H]3O[C@@H](n4cnc5c(N)ncnc54)[C@H](OP(=O)(O)O)[C@@H]3O)[C@@H](O)[C@H]2O)C=CC1.O=C1CC(O)OC1=CC(O)c1ccccc1.O=O >> NC(=O)c1ccc[n+]([C@@H]2O[C@H](COP(=O)(O)OP(=O)(O)OC[C@H]3O[C@@H](n4cnc5c(N)ncnc54)[C@H](OP(=O)(O)O)[C@@H]3O)[C@@H](O)[C@H]2O)c1.O.O=C1CC(O)OC1=CC(O)(O)c1ccccc1,rule0004_13,No_Thermo,Enzymatic
NC(=O)C1=CN([C@@H]2O[C@H](COP(=O)(O)OP(=O)(O)OC[C@H]3O[C@@H](n4cnc5c(N)ncnc54)[C@H](OP(=O)(O)O)[C@@H]3O)[C@@H](O)[C@H]2O)C=CC1.O=C1CC(=O)C2(O1)OC2Cc1ccccc1.O=O,NC(=O)c1ccc[n+]([C@@H]2O[C@H](COP(=O)(O)OP(=O)(O)OC[C@H]3O[C@@H](n4cnc5c(N)ncnc54)[C@H](OP(=O)(O)O)[C@@H]3O)[C@@H](O)[C@H]2O)c1.O.O=C1CC(=O)C2(O1)OC2CC1=CC2OC2C=C1,NC(=O)C1=CN([C@@H]2O[C@H](COP(=O)(O)OP(=O)(O)OC[C@H]3O[C@@H](n4cnc5c(N)ncnc54)[C@H](OP(=O)(O)O)[C@@H]3O)[C@@H](O)[C@H]2O)C=CC1.O=C1CC(=O)C2(O1)OC2Cc1ccccc1.O=O >> NC(=O)c1ccc[n+]([C@@H]2O[C@H](COP(=O)(O)OP(=O)(O)OC[C@H]3O[C@@H](n4cnc5c(N)ncnc54)[C@H](OP(=O)(O)O)[C@@H]3O)[C@@H](O)[C@H]2O)c1.O.O=C1CC(=O)C2(O1)OC2CC1=CC2OC2C=C1,rule0951_1,No_Thermo,Enzymatic
O=C(O)CC(=O)C(O)=CCc1ccccc1.OO,O.O=C(O)CC(=O)C(O)=CCc1ccccc1O,O=C(O)CC(=O)C(O)=CCc1ccccc1.OO >> O.O=C(O)CC(=O)C(O)=CCc1ccccc1O,rule1165_2,No_Thermo,Enzymatic
O=C1CC(O)C(=C(O)Cc2ccccc2)O1.OO,O.O=C1CC(O)C(=C(O)Cc2cccc(O)c2)O1,O=C1CC(O)C(=C(O)Cc2ccccc2)O1.OO >> O.O=C1CC(O)C(=C(O)Cc2cccc(O)c2)O1,rule1165_2,No_Thermo,Enzymatic
O=S(=O)(O)O.Oc1ccccc1,O.O=S(=O)(O)Oc1ccccc1,O=S(=O)(O)O.Oc1ccccc1 >> O.O=S(=O)(O)Oc1ccccc1,rule0127_2,No_Thermo,Enzymatic
O=C1CC(=O)C(=CCC2=CC(O)C(O)C=C2)O1,CC1=C(C=C2OC(=O)CC2=O)C(O)C(O)C=C1,O=C1CC(=O)C(=CCC2=CC(O)C(O)C=C2)O1 >> CC1=C(C=C2OC(=O)CC2=O)C(O)C(O)C=C1,rule0028_51,No_Thermo,Enzymatic
O=C1CC(=O)C(=CCc2ccccc2O)O1,Cc1cccc(C=C2OC(=O)CC2=O)c1O,O=C1CC(=O)C(=CCc2ccccc2O)O1 >> Cc1cccc(C=C2OC(=O)CC2=O)c1O,rule0028_51,No_Thermo,Enzymatic
*C1=C(*)C(=O)C(*)=C(*)C1=O.O=C1CC(=O)C(=CC(O)c2ccccc2)O1,*c1c(*)c(O)c(*)c(*)c1O.O=C1CC(=O)C(=CC(=O)c2ccccc2)O1,*C1=C(*)C(=O)C(*)=C(*)C1=O.O=C1CC(=O)C(=CC(O)c2ccccc2)O1 >> *c1c(*)c(O)c(*)c(*)c1O.O=C1CC(=O)C(=CC(=O)c2ccccc2)O1,rule0467_8,No_Thermo,Enzymatic
NC(=O)c1ccc[n+]([C@@H]2O[C@H](COP(=O)(O)OP(=O)(O)OC[C@H]3O[C@@H](n4cnc5c(N)ncnc54)[C@H](OP(=O)(O)O)[C@@H]3O)[C@@H](O)[C@H]2O)c1.O.O=C1CC(O)OC1=CC(O)c1ccccc1,NC(=O)C1=CN([C@@H]2O[C@H](COP(=O)(O)OP(=O)(O)OC[C@H]3O[C@@H](n4cnc5c(N)ncnc54)[C@H](OP(=O)(O)O)[C@@H]3O)[C@@H](O)[C@H]2O)C=CC1.O=C1CC(O)OC1=CCc1ccccc1.O=O,NC(=O)c1ccc[n+]([C@@H]2O[C@H](COP(=O)(O)OP(=O)(O)OC[C@H]3O[C@@H](n4cnc5c(N)ncnc54)[C@H](OP(=O)(O)O)[C@@H]3O)[C@@H](O)[C@H]2O)c1.O.O=C1CC(O)OC1=CC(O)c1ccccc1 >> NC(=O)C1=CN([C@@H]2O[C@H](COP(=O)(O)OP(=O)(O)OC[C@H]3O[C@@H](n4cnc5c(N)ncnc54)[C@H](OP(=O)(O)O)[C@@H]3O)[C@@H](O)[C@H]2O)C=CC1.O=C1CC(O)OC1=CCc1ccccc1.O=O,rule0005_49,No_Thermo,Enzymatic
O=C1CC(=O)C(=CCC23C=CC=CC2O3)O1,CC12C=CC(C=C3OC(=O)CC3=O)=CC1O2,O=C1CC(=O)C(=CCC23C=CC=CC2O3)O1 >> CC12C=CC(C=C3OC(=O)CC3=O)=CC1O2,rule0028_51,No_Thermo,Enzymatic
NC(=O)C1=CN([C@@H]2O[C@H](COP(=O)(O)OP(=O)(O)OC[C@H]3O[C@@H](n4cnc5c(N)ncnc54)[C@H](OP(=O)(O)O)[C@@H]3O)[C@@H](O)[C@H]2O)C=CC1.O=C1CC(=O)C(=C(O)Cc2ccccc2)O1.O=O,NC(=O)c1ccc[n+]([C@@H]2O[C@H](COP(=O)(O)OP(=O)(O)OC[C@H]3O[C@@H](n4cnc5c(N)ncnc54)[C@H](OP(=O)(O)O)[C@@H]3O)[C@@H](O)[C@H]2O)c1.O.O=C1CC(=O)C(=C(O)CC2=CC=CC3OC23)O1,NC(=O)C1=CN([C@@H]2O[C@H](COP(=O)(O)OP(=O)(O)OC[C@H]3O[C@@H](n4cnc5c(N)ncnc54)[C@H](OP(=O)(O)O)[C@@H]3O)[C@@H](O)[C@H]2O)C=CC1.O=C1CC(=O)C(=C(O)Cc2ccccc2)O1.O=O >> NC(=O)c1ccc[n+]([C@@H]2O[C@H](COP(=O)(O)OP(=O)(O)OC[C@H]3O[C@@H](n4cnc5c(N)ncnc54)[C@H](OP(=O)(O)O)[C@@H]3O)[C@@H](O)[C@H]2O)c1.O.O=C1CC(=O)C(=C(O)CC2=CC=CC3OC23)O1,rule0951_1,No_Thermo,Enzymatic
O=C(O)CC(=O)C(O)=CCc1ccccc1,O=CC(O)=CCc1cccc(CC(=O)O)c1,O=C(O)CC(=O)C(O)=CCc1ccccc1 >> O=CC(O)=CCc1cccc(CC(=O)O)c1,rule0028_46,No_Thermo,Enzymatic
O=C1CC(O)OC1=CC(O)c1ccccc1.O=O,O=C1CC(O)OC1=CC(=O)c1ccccc1.OO,O=C1CC(O)OC1=CC(O)c1ccccc1.O=O >> O=C1CC(O)OC1=CC(=O)c1ccccc1.OO,rule0074_09,No_Thermo,Enzymatic
O=C(O)CC(=O)C(O)=CCc1ccccc1,O=C1CC(O)(O)OC1=CCc1ccccc1,O=C(O)CC(=O)C(O)=CCc1ccccc1 >> O=C1CC(O)(O)OC1=CCc1ccccc1,rule0063_1,No_Thermo,Enzymatic
O.O=C1CC(=O)C(=CCc2cccc(O)c2)O1,O=C1CC(=O)C(O)(CCc2cccc(O)c2)O1,O.O=C1CC(=O)C(=CCc2cccc(O)c2)O1 >> O=C1CC(=O)C(O)(CCc2cccc(O)c2)O1,rule0020_19,No_Thermo,Enzymatic
O=C(O)CC(=O)C(O)=CCc1ccccc1,O=C1CC(O)Oc2ccccc2CC=C1O,O=C(O)CC(=O)C(O)=CCc1ccccc1 >> O=C1CC(O)Oc2ccccc2CC=C1O,rule0169_1,No_Thermo,Enzymatic
O=C1CC(O)OC1=C(O)Cc1ccccc1,Cc1ccc(C(O)=C2OC(O)CC2=O)cc1,O=C1CC(O)OC1=C(O)Cc1ccccc1 >> Cc1ccc(C(O)=C2OC(O)CC2=O)cc1,rule0028_50,No_Thermo,Enzymatic
Cc1cccc(C=C2OC(=O)CC2=O)c1.NC(=O)C1=CN([C@@H]2O[C@H](COP(=O)(O)OP(=O)(O)OC[C@H]3O[C@@H](n4cnc5c(N)ncnc54)[C@H](OP(=O)(O)O)[C@@H]3O)[C@@H](O)[C@H]2O)C=CC1.O=O,CC1(O)C=C(C=C2OC(=O)CC2=O)C=CC1O.NC(=O)c1ccc[n+]([C@@H]2O[C@H](COP(=O)(O)OP(=O)(O)OC[C@H]3O[C@@H](n4cnc5c(N)ncnc54)[C@H](OP(=O)(O)O)[C@@H]3O)[C@@H](O)[C@H]2O)c1,Cc1cccc(C=C2OC(=O)CC2=O)c1.NC(=O)C1=CN([C@@H]2O[C@H](COP(=O)(O)OP(=O)(O)OC[C@H]3O[C@@H](n4cnc5c(N)ncnc54)[C@H](OP(=O)(O)O)[C@@H]3O)[C@@H](O)[C@H]2O)C=CC1.O=O >> CC1(O)C=C(C=C2OC(=O)CC2=O)C=CC1O.NC(=O)c1ccc[n+]([C@@H]2O[C@H](COP(=O)(O)OP(=O)(O)OC[C@H]3O[C@@H](n4cnc5c(N)ncnc54)[C@H](OP(=O)(O)O)[C@@H]3O)[C@@H](O)[C@H]2O)c1,rule0094_1,No_Thermo,Enzymatic
NC(=O)c1ccc[n+]([C@@H]2O[C@H](COP(=O)(O)OP(=O)(O)OC[C@H]3O[C@@H](n4cnc5c(N)ncnc54)[C@H](OP(=O)(O)O)[C@@H]3O)[C@@H](O)[C@H]2O)c1.O.O=C1CC(=O)C(=C(O)Cc2ccccc2)O1,CC(=C1OC(=O)CC1=O)c1ccccc1.NC(=O)C1=CN([C@@H]2O[C@H](COP(=O)(O)OP(=O)(O)OC[C@H]3O[C@@H](n4cnc5c(N)ncnc54)[C@H](OP(=O)(O)O)[C@@H]3O)[C@@H](O)[C@H]2O)C=CC1.O=O,NC(=O)c1ccc[n+]([C@@H]2O[C@H](COP(=O)(O)OP(=O)(O)OC[C@H]3O[C@@H](n4cnc5c(N)ncnc54)[C@H](OP(=O)(O)O)[C@@H]3O)[C@@H](O)[C@H]2O)c1.O.O=C1CC(=O)C(=C(O)Cc2ccccc2)O1 >> CC(=C1OC(=O)CC1=O)c1ccccc1.NC(=O)C1=CN([C@@H]2O[C@H](COP(=O)(O)OP(=O)(O)OC[C@H]3O[C@@H](n4cnc5c(N)ncnc54)[C@H](OP(=O)(O)O)[C@@H]3O)[C@@H](O)[C@H]2O)C=CC1.O=O,rule0523_2,No_Thermo,Enzymatic
O=C(O)CC(=O)C(O)=CCc1ccccc1,O=C1CC(O)C(O)=CCc2ccccc2O1,O=C(O)CC(=O)C(O)=CCc1ccccc1 >> O=C1CC(O)C(O)=CCc2ccccc2O1,rule0169_1,No_Thermo,Enzymatic
NC(=O)C1=CN([C@@H]2O[C@H](COP(=O)(O)OP(=O)(O)OC[C@H]3O[C@@H](n4cnc5c(N)ncnc54)[C@H](OP(=O)(O)O)[C@@H]3O)[C@@H](O)[C@H]2O)C=CC1.O=C1CC(O)C(=C(O)Cc2ccccc2)O1.O=O,NC(=O)c1ccc[n+]([C@@H]2O[C@H](COP(=O)(O)OP(=O)(O)OC[C@H]3O[C@@H](n4cnc5c(N)ncnc54)[C@H](OP(=O)(O)O)[C@@H]3O)[C@@H](O)[C@H]2O)c1.O.O=C1CC(O)C2(O1)OC2(O)Cc1ccccc1,NC(=O)C1=CN([C@@H]2O[C@H](COP(=O)(O)OP(=O)(O)OC[C@H]3O[C@@H](n4cnc5c(N)ncnc54)[C@H](OP(=O)(O)O)[C@@H]3O)[C@@H](O)[C@H]2O)C=CC1.O=C1CC(O)C(=C(O)Cc2ccccc2)O1.O=O >> NC(=O)c1ccc[n+]([C@@H]2O[C@H](COP(=O)(O)OP(=O)(O)OC[C@H]3O[C@@H](n4cnc5c(N)ncnc54)[C@H](OP(=O)(O)O)[C@@H]3O)[C@@H](O)[C@H]2O)c1.O.O=C1CC(O)C2(O1)OC2(O)Cc1ccccc1,rule0077_4,No_Thermo,Enzymatic
NC(=O)C1=CN([C@@H]2O[C@H](COP(=O)(O)OP(=O)(O)OC[C@H]3O[C@@H](n4cnc5c(N)ncnc54)[C@H](OP(=O)(O)O)[C@@H]3O)[C@@H](O)[C@H]2O)C=CC1.O=C1CC(=O)C(=CCC2=CC=CC3OC23)O1.O=O,NC(=O)c1ccc[n+]([C@@H]2O[C@H](COP(=O)(O)OP(=O)(O)OC[C@H]3O[C@@H](n4cnc5c(N)ncnc54)[C@H](OP(=O)(O)O)[C@@H]3O)[C@@H](O)[C@H]2O)c1.O.O=C1CC(=O)C2(O1)OC2CC1=CC=CC2OC12,NC(=O)C1=CN([C@@H]2O[C@H](COP(=O)(O)OP(=O)(O)OC[C@H]3O[C@@H](n4cnc5c(N)ncnc54)[C@H](OP(=O)(O)O)[C@@H]3O)[C@@H](O)[C@H]2O)C=CC1.O=C1CC(=O)C(=CCC2=CC=CC3OC23)O1.O=O >> NC(=O)c1ccc[n+]([C@@H]2O[C@H](COP(=O)(O)OP(=O)(O)OC[C@H]3O[C@@H](n4cnc5c(N)ncnc54)[C@H](OP(=O)(O)O)[C@@H]3O)[C@@H](O)[C@H]2O)c1.O.O=C1CC(=O)C2(O1)OC2CC1=CC=CC2OC12,rule0077_4,No_Thermo,Enzymatic
O.O=C1CC(=O)C(=CCc2ccccc2O)O1,O=C1CC(O)OC1=CC(O)c1ccccc1O,O.O=C1CC(=O)C(=CCc2ccccc2O)O1 >> O=C1CC(O)OC1=CC(O)c1ccccc1O,rule0070_6,No_Thermo,Enzymatic
NC(=O)C1=CN([C@@H]2O[C@H](COP(=O)(O)OP(=O)(O)OC[C@H]3O[C@@H](n4cnc5c(N)ncnc54)[C@H](OP(=O)(O)O)[C@@H]3O)[C@@H](O)[C@H]2O)C=CC1.O=O.Oc1ccccc1,NC(=O)c1ccc[n+]([C@@H]2O[C@H](COP(=O)(O)OP(=O)(O)OC[C@H]3O[C@@H](n4cnc5c(N)ncnc54)[C@H](OP(=O)(O)O)[C@@H]3O)[C@@H](O)[C@H]2O)c1.OC1=CC=CC(O)C1O,NC(=O)C1=CN([C@@H]2O[C@H](COP(=O)(O)OP(=O)(O)OC[C@H]3O[C@@H](n4cnc5c(N)ncnc54)[C@H](OP(=O)(O)O)[C@@H]3O)[C@@H](O)[C@H]2O)C=CC1.O=O.Oc1ccccc1 >> NC(=O)c1ccc[n+]([C@@H]2O[C@H](COP(=O)(O)OP(=O)(O)OC[C@H]3O[C@@H](n4cnc5c(N)ncnc54)[C@H](OP(=O)(O)O)[C@@H]3O)[C@@H](O)[C@H]2O)c1.OC1=CC=CC(O)C1O,rule0094_1,No_Thermo,Enzymatic
CC(C)=CCOP(=O)(O)OP(=O)(O)O.Oc1ccccc1,CC(C)=CCOc1ccccc1.O=P(O)(O)OP(=O)(O)O,CC(C)=CCOP(=O)(O)OP(=O)(O)O.Oc1ccccc1 >> CC(C)=CCOc1ccccc1.O=P(O)(O)OP(=O)(O)O,rule0517_2,No_Thermo,Enzymatic
NC(=O)C1=CN([C@@H]2O[C@H](COP(=O)(O)OP(=O)(O)OC[C@H]3O[C@@H](n4cnc5c(N)ncnc54)[C@H](OP(=O)(O)O)[C@@H]3O)[C@@H](O)[C@H]2O)C=CC1.O=C1CC(=O)C(=CCc2ccccc2)O1.O=O,NC(=O)c1ccc[n+]([C@@H]2O[C@H](COP(=O)(O)OP(=O)(O)OC[C@H]3O[C@@H](n4cnc5c(N)ncnc54)[C@H](OP(=O)(O)O)[C@@H]3O)[C@@H](O)[C@H]2O)c1.O.O=C1CC(=O)C(=CC(O)c2ccccc2)O1,NC(=O)C1=CN([C@@H]2O[C@H](COP(=O)(O)OP(=O)(O)OC[C@H]3O[C@@H](n4cnc5c(N)ncnc54)[C@H](OP(=O)(O)O)[C@@H]3O)[C@@H](O)[C@H]2O)C=CC1.O=C1CC(=O)C(=CCc2ccccc2)O1.O=O >> NC(=O)c1ccc[n+]([C@@H]2O[C@H](COP(=O)(O)OP(=O)(O)OC[C@H]3O[C@@H](n4cnc5c(N)ncnc54)[C@H](OP(=O)(O)O)[C@@H]3O)[C@@H](O)[C@H]2O)c1.O.O=C1CC(=O)C(=CC(O)c2ccccc2)O1,rule0004_13,No_Thermo,Enzymatic
O.O=C1CC(=O)C(=CCc2ccc(O)cc2)O1,O=C1CC(O)OC1=CC(O)c1ccc(O)cc1,O.O=C1CC(=O)C(=CCc2ccc(O)cc2)O1 >> O=C1CC(O)OC1=CC(O)c1ccc(O)cc1,rule0070_6,No_Thermo,Enzymatic
NC(=O)c1ccc[n+]([C@@H]2O[C@H](COP(=O)(O)OP(=O)(O)OC[C@H]3O[C@@H](n4cnc5c(N)ncnc54)[C@H](OP(=O)(O)O)[C@@H]3O)[C@@H](O)[C@H]2O)c1.O=C1CC(=O)C(=CCC2=CC=CC(O)C2O)O1,NC(=O)C1=CN([C@@H]2O[C@H](COP(=O)(O)OP(=O)(O)OC[C@H]3O[C@@H](n4cnc5c(N)ncnc54)[C@H](OP(=O)(O)O)[C@@H]3O)[C@@H](O)[C@H]2O)C=CC1.O=C1CC(=O)C(=CCc2cccc(O)c2O)O1,NC(=O)c1ccc[n+]([C@@H]2O[C@H](COP(=O)(O)OP(=O)(O)OC[C@H]3O[C@@H](n4cnc5c(N)ncnc54)[C@H](OP(=O)(O)O)[C@@H]3O)[C@@H](O)[C@H]2O)c1.O=C1CC(=O)C(=CCC2=CC=CC(O)C2O)O1 >> NC(=O)C1=CN([C@@H]2O[C@H](COP(=O)(O)OP(=O)(O)OC[C@H]3O[C@@H](n4cnc5c(N)ncnc54)[C@H](OP(=O)(O)O)[C@@H]3O)[C@@H](O)[C@H]2O)C=CC1.O=C1CC(=O)C(=CCc2cccc(O)c2O)O1,rule0018_59,No_Thermo,Enzymatic
O.O=C1CC(=O)C(=CCc2ccccc2)O1,O=C1CC(O)OC1=CC(O)c1ccccc1,O.O=C1CC(=O)C(=CCc2ccccc2)O1 >> O=C1CC(O)OC1=CC(O)c1ccccc1,rule0070_6,No_Thermo,Enzymatic
NC(=O)C1=CN([C@@H]2O[C@H](COP(=O)(O)OP(=O)(O)OC[C@H]3O[C@@H](n4cnc5c(N)ncnc54)[C@H](OP(=O)(O)O)[C@@H]3O)[C@@H](O)[C@H]2O)C=CC1.O=C(O)CC(=O)C(O)=CCc1ccccc1.O=O,NC(=O)c1ccc[n+]([C@@H]2O[C@H](COP(=O)(O)OP(=O)(O)OC[C@H]3O[C@@H](n4cnc5c(N)ncnc54)[C@H](OP(=O)(O)O)[C@@H]3O)[C@@H](O)[C@H]2O)c1.O.O=C(O)C(O)C(=O)C(O)=CCc1ccccc1,NC(=O)C1=CN([C@@H]2O[C@H](COP(=O)(O)OP(=O)(O)OC[C@H]3O[C@@H](n4cnc5c(N)ncnc54)[C@H](OP(=O)(O)O)[C@@H]3O)[C@@H](O)[C@H]2O)C=CC1.O=C(O)CC(=O)C(O)=CCc1ccccc1.O=O >> NC(=O)c1ccc[n+]([C@@H]2O[C@H](COP(=O)(O)OP(=O)(O)OC[C@H]3O[C@@H](n4cnc5c(N)ncnc54)[C@H](OP(=O)(O)O)[C@@H]3O)[C@@H](O)[C@H]2O)c1.O.O=C(O)C(O)C(=O)C(O)=CCc1ccccc1,rule0004_13,No_Thermo,Enzymatic
NC(=O)c1ccc[n+]([C@@H]2O[C@H](COP(=O)(O)OP(=O)(O)OC[C@H]3O[C@@H](n4cnc5c(N)ncnc54)[C@H](OP(=O)(O)O)[C@@H]3O)[C@@H](O)[C@H]2O)c1.O.O=C1CC(O)OC1=C(O)Cc1ccccc1,NC(=O)C1=CN([C@@H]2O[C@H](COP(=O)(O)OP(=O)(O)OC[C@H]3O[C@@H](n4cnc5c(N)ncnc54)[C@H](OP(=O)(O)O)[C@@H]3O)[C@@H](O)[C@H]2O)C=CC1.O=C1CC(O)OC1=CCc1ccccc1.O=O,NC(=O)c1ccc[n+]([C@@H]2O[C@H](COP(=O)(O)OP(=O)(O)OC[C@H]3O[C@@H](n4cnc5c(N)ncnc54)[C@H](OP(=O)(O)O)[C@@H]3O)[C@@H](O)[C@H]2O)c1.O.O=C1CC(O)OC1=C(O)Cc1ccccc1 >> NC(=O)C1=CN([C@@H]2O[C@H](COP(=O)(O)OP(=O)(O)OC[C@H]3O[C@@H](n4cnc5c(N)ncnc54)[C@H](OP(=O)(O)O)[C@@H]3O)[C@@H](O)[C@H]2O)C=CC1.O=C1CC(O)OC1=CCc1ccccc1.O=O,rule0005_61,No_Thermo,Enzymatic
O.O=C1CC(=O)C(=CCC2=CC=CC3OC23)O1,O=C1CC(O)C(=CC(O)C2=CC=CC3OC23)O1,O.O=C1CC(=O)C(=CCC2=CC=CC3OC23)O1 >> O=C1CC(O)C(=CC(O)C2=CC=CC3OC23)O1,rule0070_6,No_Thermo,Enzymatic
O.O=C1CC(=O)C(=CC(O)c2ccccc2)O1,O=C1CC(O)C(=CC(O)(O)c2ccccc2)O1,O.O=C1CC(=O)C(=CC(O)c2ccccc2)O1 >> O=C1CC(O)C(=CC(O)(O)c2ccccc2)O1,rule0070_6,No_Thermo,Enzymatic
CC=C1OC(=O)CC1=O.O,O=C1CC(O)OC1=CCO,CC=C1OC(=O)CC1=O.O >> O=C1CC(O)OC1=CCO,rule0070_6,No_Thermo,Enzymatic
O=C1CC(=O)C(=C(O)Cc2ccccc2)O1.OO,O.O=C1CC(=O)C(=C(O)Cc2ccc(O)cc2)O1,O=C1CC(=O)C(=C(O)Cc2ccccc2)O1.OO >> O.O=C1CC(=O)C(=C(O)Cc2ccc(O)cc2)O1,rule1165_2,No_Thermo,Enzymatic
O=C1CC(O)OC1=CC(O)c1ccccc1,O.O=C1CC(=O)C(=CCc2ccccc2)O1,O=C1CC(O)OC1=CC(O)c1ccccc1 >> O.O=C1CC(=O)C(=CCc2ccccc2)O1,rule0071_5,No_Thermo,Enzymatic
NC(=O)C1=CN([C@@H]2O[C@H](COP(=O)(O)OP(=O)(O)OC[C@H]3O[C@@H](n4cnc5c(N)ncnc54)[C@H](OP(=O)(O)O)[C@@H]3O)[C@@H](O)[C@H]2O)C=CC1.O=C(O)CC(=O)C(O)=CCc1ccccc1,NC(=O)c1ccc[n+]([C@@H]2O[C@H](COP(=O)(O)OP(=O)(O)OC[C@H]3O[C@@H](n4cnc5c(N)ncnc54)[C@H](OP(=O)(O)O)[C@@H]3O)[C@@H](O)[C@H]2O)c1.O=C(O)CC(=O)C(O)CCc1ccccc1,NC(=O)C1=CN([C@@H]2O[C@H](COP(=O)(O)OP(=O)(O)OC[C@H]3O[C@@H](n4cnc5c(N)ncnc54)[C@H](OP(=O)(O)O)[C@@H]3O)[C@@H](O)[C@H]2O)C=CC1.O=C(O)CC(=O)C(O)=CCc1ccccc1 >> NC(=O)c1ccc[n+]([C@@H]2O[C@H](COP(=O)(O)OP(=O)(O)OC[C@H]3O[C@@H](n4cnc5c(N)ncnc54)[C@H](OP(=O)(O)O)[C@@H]3O)[C@@H](O)[C@H]2O)c1.O=C(O)CC(=O)C(O)CCc1ccccc1,rule0027_60,No_Thermo,Enzymatic
O=C1CC(O)C(=C(O)Cc2ccccc2)O1,Cc1ccc(C(O)=C2OC(=O)CC2O)cc1,O=C1CC(O)C(=C(O)Cc2ccccc2)O1 >> Cc1ccc(C(O)=C2OC(=O)CC2O)cc1,rule0028_50,No_Thermo,Enzymatic
Cc1cccc(C=C2OC(=O)CC2=O)c1.NC(=O)C1=CN([C@@H]2O[C@H](COP(=O)(O)OP(=O)(O)OC[C@H]3O[C@@H](n4cnc5c(N)ncnc54)[C@H](OP(=O)(O)O)[C@@H]3O)[C@@H](O)[C@H]2O)C=CC1.O=O,CC1=CC=CC2(C=C3OC(=O)CC3=O)OC12.NC(=O)c1ccc[n+]([C@@H]2O[C@H](COP(=O)(O)OP(=O)(O)OC[C@H]3O[C@@H](n4cnc5c(N)ncnc54)[C@H](OP(=O)(O)O)[C@@H]3O)[C@@H](O)[C@H]2O)c1.O,Cc1cccc(C=C2OC(=O)CC2=O)c1.NC(=O)C1=CN([C@@H]2O[C@H](COP(=O)(O)OP(=O)(O)OC[C@H]3O[C@@H](n4cnc5c(N)ncnc54)[C@H](OP(=O)(O)O)[C@@H]3O)[C@@H](O)[C@H]2O)C=CC1.O=O >> CC1=CC=CC2(C=C3OC(=O)CC3=O)OC12.NC(=O)c1ccc[n+]([C@@H]2O[C@H](COP(=O)(O)OP(=O)(O)OC[C@H]3O[C@@H](n4cnc5c(N)ncnc54)[C@H](OP(=O)(O)O)[C@@H]3O)[C@@H](O)[C@H]2O)c1.O,rule0951_1,No_Thermo,Enzymatic
O=C1CC(O)C(=CC(O)c2ccccc2)O1.OO,O.O=C1CC(O)C(=CC(O)c2cccc(O)c2)O1,O=C1CC(O)C(=CC(O)c2ccccc2)O1.OO >> O.O=C1CC(O)C(=CC(O)c2cccc(O)c2)O1,rule1165_2,No_Thermo,Enzymatic
NC(=O)C1=CN([C@@H]2O[C@H](COP(=O)(O)OP(=O)(O)OC[C@H]3O[C@@H](n4cnc5c(N)ncnc54)[C@H](OP(=O)(O)O)[C@@H]3O)[C@@H](O)[C@H]2O)C=CC1.O=C1CC(=O)C(=CCc2ccccc2O)O1.O=O,NC(=O)c1ccc[n+]([C@@H]2O[C@H](COP(=O)(O)OP(=O)(O)OC[C@H]3O[C@@H](n4cnc5c(N)ncnc54)[C@H](OP(=O)(O)O)[C@@H]3O)[C@@H](O)[C@H]2O)c1.O.O=C1CC(=O)C(=CCC23C=CC=CC2(O)O3)O1,NC(=O)C1=CN([C@@H]2O[C@H](COP(=O)(O)OP(=O)(O)OC[C@H]3O[C@@H](n4cnc5c(N)ncnc54)[C@H](OP(=O)(O)O)[C@@H]3O)[C@@H](O)[C@H]2O)C=CC1.O=C1CC(=O)C(=CCc2ccccc2O)O1.O=O >> NC(=O)c1ccc[n+]([C@@H]2O[C@H](COP(=O)(O)OP(=O)(O)OC[C@H]3O[C@@H](n4cnc5c(N)ncnc54)[C@H](OP(=O)(O)O)[C@@H]3O)[C@@H](O)[C@H]2O)c1.O.O=C1CC(=O)C(=CCC23C=CC=CC2(O)O3)O1,rule0951_1,No_Thermo,Enzymatic
CC(=O)SCCNC(=O)CCNC(=O)[C@H](O)C(C)(C)COP(=O)(O)OP(=O)(O)OC[C@H]1O[C@@H](n2cnc3c(N)ncnc32)[C@H](O)[C@@H]1OP(=O)(O)O.Oc1ccccc1,CC(=O)Oc1ccccc1.CC(C)(COP(=O)(O)OP(=O)(O)OC[C@H]1O[C@@H](n2cnc3c(N)ncnc32)[C@H](O)[C@@H]1OP(=O)(O)O)[C@@H](O)C(=O)NCCC(=O)NCCS,CC(=O)SCCNC(=O)CCNC(=O)[C@H](O)C(C)(C)COP(=O)(O)OP(=O)(O)OC[C@H]1O[C@@H](n2cnc3c(N)ncnc32)[C@H](O)[C@@H]1OP(=O)(O)O.Oc1ccccc1 >> CC(=O)Oc1ccccc1.CC(C)(COP(=O)(O)OP(=O)(O)OC[C@H]1O[C@@H](n2cnc3c(N)ncnc32)[C@H](O)[C@@H]1OP(=O)(O)O)[C@@H](O)C(=O)NCCC(=O)NCCS,rule0062_19,No_Thermo,Enzymatic
O=C1CC(=O)C2(O1)OC2Cc1ccccc1.OO,O.O=C1CC(=O)C2(O1)OC2C(O)c1ccccc1,O=C1CC(=O)C2(O1)OC2Cc1ccccc1.OO >> O.O=C1CC(=O)C2(O1)OC2C(O)c1ccccc1,rule1165_1,No_Thermo,Enzymatic
NC(=O)C1=CN([C@@H]2O[C@H](COP(=O)(O)OP(=O)(O)OC[C@H]3O[C@@H](n4cnc5c(N)ncnc54)[C@H](OP(=O)(O)O)[C@@H]3O)[C@@H](O)[C@H]2O)C=CC1.O=C1CC(O)OC1=CC(O)c1ccccc1.O=O,NC(=O)c1ccc[n+]([C@@H]2O[C@H](COP(=O)(O)OP(=O)(O)OC[C@H]3O[C@@H](n4cnc5c(N)ncnc54)[C@H](OP(=O)(O)O)[C@@H]3O)[C@@H](O)[C@H]2O)c1.O.O=C1CC(O)OC1=CC(O)c1ccc(O)cc1,NC(=O)C1=CN([C@@H]2O[C@H](COP(=O)(O)OP(=O)(O)OC[C@H]3O[C@@H](n4cnc5c(N)ncnc54)[C@H](OP(=O)(O)O)[C@@H]3O)[C@@H](O)[C@H]2O)C=CC1.O=C1CC(O)OC1=CC(O)c1ccccc1.O=O >> NC(=O)c1ccc[n+]([C@@H]2O[C@H](COP(=O)(O)OP(=O)(O)OC[C@H]3O[C@@H](n4cnc5c(N)ncnc54)[C@H](OP(=O)(O)O)[C@@H]3O)[C@@H](O)[C@H]2O)c1.O.O=C1CC(O)OC1=CC(O)c1ccc(O)cc1,rule0004_10,No_Thermo,Enzymatic
O=C(O)CC(=O)C(O)=CCc1ccccc1,O=CC(C(=O)O)C(O)=CCc1ccccc1,O=C(O)CC(=O)C(O)=CCc1ccccc1 >> O=CC(C(=O)O)C(O)=CCc1ccccc1,rule0028_46,No_Thermo,Enzymatic
O=C1CC(O)C(=C(O)Cc2ccccc2)O1.OO,O.O=C1CC(O)C(=C(O)Cc2ccc(O)cc2)O1,O=C1CC(O)C(=C(O)Cc2ccccc2)O1.OO >> O.O=C1CC(O)C(=C(O)Cc2ccc(O)cc2)O1,rule1165_2,No_Thermo,Enzymatic
O=C1CC(O)OC1=CC(O)c1ccccc1.OO,O.O=C1CC(O)OC1=CC(O)c1cccc(O)c1,O=C1CC(O)OC1=CC(O)c1ccccc1.OO >> O.O=C1CC(O)OC1=CC(O)c1cccc(O)c1,rule1165_2,No_Thermo,Enzymatic
Cl.O=C(O)CC(=O)C(O)=CCc1ccccc1,O.O=C(Cl)CC(=O)C(O)=CCc1ccccc1,Cl.O=C(O)CC(=O)C(O)=CCc1ccccc1 >> O.O=C(Cl)CC(=O)C(O)=CCc1ccccc1,rule0183_6,No_Thermo,Enzymatic
O=C1CC(=O)C(=CCC2=CC(O)C(O)C=C2)O1,CC1=CC(O)C(O)(C=C2OC(=O)CC2=O)C=C1,O=C1CC(=O)C(=CCC2=CC(O)C(O)C=C2)O1 >> CC1=CC(O)C(O)(C=C2OC(=O)CC2=O)C=C1,rule0028_51,No_Thermo,Enzymatic
NC(=O)C1=CN([C@@H]2O[C@H](COP(=O)(O)OP(=O)(O)OC[C@H]3O[C@@H](n4cnc5c(N)ncnc54)[C@H](OP(=O)(O)O)[C@@H]3O)[C@@H](O)[C@H]2O)C=CC1.O=C1CC(=O)C(=CCc2ccccc2O)O1.O=O,NC(=O)c1ccc[n+]([C@@H]2O[C@H](COP(=O)(O)OP(=O)(O)OC[C@H]3O[C@@H](n4cnc5c(N)ncnc54)[C@H](OP(=O)(O)O)[C@@H]3O)[C@@H](O)[C@H]2O)c1.O.O=C1CC(=O)C(=CCc2ccc(O)cc2O)O1,NC(=O)C1=CN([C@@H]2O[C@H](COP(=O)(O)OP(=O)(O)OC[C@H]3O[C@@H](n4cnc5c(N)ncnc54)[C@H](OP(=O)(O)O)[C@@H]3O)[C@@H](O)[C@H]2O)C=CC1.O=C1CC(=O)C(=CCc2ccccc2O)O1.O=O >> NC(=O)c1ccc[n+]([C@@H]2O[C@H](COP(=O)(O)OP(=O)(O)OC[C@H]3O[C@@H](n4cnc5c(N)ncnc54)[C@H](OP(=O)(O)O)[C@@H]3O)[C@@H](O)[C@H]2O)c1.O.O=C1CC(=O)C(=CCc2ccc(O)cc2O)O1,rule0004_10,No_Thermo,Enzymatic
O=C1CC(=O)C(=CCC2=CC(O)C(O)C=C2)O1,CC1=CC(O)C(O)C=C1C=C1OC(=O)CC1=O,O=C1CC(=O)C(=CCC2=CC(O)C(O)C=C2)O1 >> CC1=CC(O)C(O)C=C1C=C1OC(=O)CC1=O,rule0028_51,No_Thermo,Enzymatic
NC(=O)C1=CN([C@@H]2O[C@H](COP(=O)(O)OP(=O)(O)OC[C@H]3O[C@@H](n4cnc5c(N)ncnc54)[C@H](OP(=O)(O)O)[C@@H]3O)[C@@H](O)[C@H]2O)C=CC1.O=C1CC(O)OC1=CC(O)c1ccccc1.O=O,NC(=O)c1ccc[n+]([C@@H]2O[C@H](COP(=O)(O)OP(=O)(O)OC[C@H]3O[C@@H](n4cnc5c(N)ncnc54)[C@H](OP(=O)(O)O)[C@@H]3O)[C@@H](O)[C@H]2O)c1.O.O.O=C1CC(O)OC1=CC(=O)c1ccccc1,NC(=O)C1=CN([C@@H]2O[C@H](COP(=O)(O)OP(=O)(O)OC[C@H]3O[C@@H](n4cnc5c(N)ncnc54)[C@H](OP(=O)(O)O)[C@@H]3O)[C@@H](O)[C@H]2O)C=CC1.O=C1CC(O)OC1=CC(O)c1ccccc1.O=O >> NC(=O)c1ccc[n+]([C@@H]2O[C@H](COP(=O)(O)OP(=O)(O)OC[C@H]3O[C@@H](n4cnc5c(N)ncnc54)[C@H](OP(=O)(O)O)[C@@H]3O)[C@@H](O)[C@H]2O)c1.O.O.O=C1CC(O)OC1=CC(=O)c1ccccc1,rule0073_5,No_Thermo,Enzymatic
O.O=C1CC(=O)C(=CC(O)c2ccccc2)O1,O=C1CC(O)OC1=CC(O)(O)c1ccccc1,O.O=C1CC(=O)C(=CC(O)c2ccccc2)O1 >> O=C1CC(O)OC1=CC(O)(O)c1ccccc1,rule0070_6,No_Thermo,Enzymatic
O=C(O)CC(=O)C(O)=CCc1ccccc1,O=C(O)CC(=O)c1cccc(CC=CO)c1,O=C(O)CC(=O)C(O)=CCc1ccccc1 >> O=C(O)CC(=O)c1cccc(CC=CO)c1,rule0028_47,No_Thermo,Enzymatic
NC(=O)C1=CN([C@@H]2O[C@H](COP(=O)(O)OP(=O)(O)OC[C@H]3O[C@@H](n4cnc5c(N)ncnc54)[C@H](OP(=O)(O)O)[C@@H]3O)[C@@H](O)[C@H]2O)C=CC1.O=C1CC(=O)C(=C(O)Cc2ccccc2)O1.O=O,NC(=O)c1ccc[n+]([C@@H]2O[C@H](COP(=O)(O)OP(=O)(O)OC[C@H]3O[C@@H](n4cnc5c(N)ncnc54)[C@H](OP(=O)(O)O)[C@@H]3O)[C@@H](O)[C@H]2O)c1.O.O=C1CC(=O)C(=C(O)Cc2ccc(O)cc2)O1,NC(=O)C1=CN([C@@H]2O[C@H](COP(=O)(O)OP(=O)(O)OC[C@H]3O[C@@H](n4cnc5c(N)ncnc54)[C@H](OP(=O)(O)O)[C@@H]3O)[C@@H](O)[C@H]2O)C=CC1.O=C1CC(=O)C(=C(O)Cc2ccccc2)O1.O=O >> NC(=O)c1ccc[n+]([C@@H]2O[C@H](COP(=O)(O)OP(=O)(O)OC[C@H]3O[C@@H](n4cnc5c(N)ncnc54)[C@H](OP(=O)(O)O)[C@@H]3O)[C@@H](O)[C@H]2O)c1.O.O=C1CC(=O)C(=C(O)Cc2ccc(O)cc2)O1,rule0004_10,No_Thermo,Enzymatic
NC(=O)c1ccc[n+]([C@@H]2O[C@H](COP(=O)(O)OP(=O)(O)OC[C@H]3O[C@@H](n4cnc5c(N)ncnc54)[C@H](OP(=O)(O)O)[C@@H]3O)[C@@H](O)[C@H]2O)c1.O.O=C1CC(O)OC1=CC(O)c1ccccc1,NC(=O)C1=CN([C@@H]2O[C@H](COP(=O)(O)OP(=O)(O)OC[C@H]3O[C@@H](n4cnc5c(N)ncnc54)[C@H](OP(=O)(O)O)[C@@H]3O)[C@@H](O)[C@H]2O)C=CC1.O=C1CC(O)OC1=CCc1ccccc1.O=O,NC(=O)c1ccc[n+]([C@@H]2O[C@H](COP(=O)(O)OP(=O)(O)OC[C@H]3O[C@@H](n4cnc5c(N)ncnc54)[C@H](OP(=O)(O)O)[C@@H]3O)[C@@H](O)[C@H]2O)c1.O.O=C1CC(O)OC1=CC(O)c1ccccc1 >> NC(=O)C1=CN([C@@H]2O[C@H](COP(=O)(O)OP(=O)(O)OC[C@H]3O[C@@H](n4cnc5c(N)ncnc54)[C@H](OP(=O)(O)O)[C@@H]3O)[C@@H](O)[C@H]2O)C=CC1.O=C1CC(O)OC1=CCc1ccccc1.O=O,rule0005_61,No_Thermo,Enzymatic
O=C1CC(=O)C(=CCc2ccccc2O)O1.OO,O.O=C1CC(=O)C(=CCc2c(O)cccc2O)O1,O=C1CC(=O)C(=CCc2ccccc2O)O1.OO >> O.O=C1CC(=O)C(=CCc2c(O)cccc2O)O1,rule1165_2,No_Thermo,Enzymatic
Cc1ccc(C=C2OC(=O)CC2=O)cc1.NC(=O)C1=CN([C@@H]2O[C@H](COP(=O)(O)OP(=O)(O)OC[C@H]3O[C@@H](n4cnc5c(N)ncnc54)[C@H](OP(=O)(O)O)[C@@H]3O)[C@@H](O)[C@H]2O)C=CC1.O=O,Cc1ccc(C=C2OC(=O)CC2=O)cc1O.NC(=O)c1ccc[n+]([C@@H]2O[C@H](COP(=O)(O)OP(=O)(O)OC[C@H]3O[C@@H](n4cnc5c(N)ncnc54)[C@H](OP(=O)(O)O)[C@@H]3O)[C@@H](O)[C@H]2O)c1.O,Cc1ccc(C=C2OC(=O)CC2=O)cc1.NC(=O)C1=CN([C@@H]2O[C@H](COP(=O)(O)OP(=O)(O)OC[C@H]3O[C@@H](n4cnc5c(N)ncnc54)[C@H](OP(=O)(O)O)[C@@H]3O)[C@@H](O)[C@H]2O)C=CC1.O=O >> Cc1ccc(C=C2OC(=O)CC2=O)cc1O.NC(=O)c1ccc[n+]([C@@H]2O[C@H](COP(=O)(O)OP(=O)(O)OC[C@H]3O[C@@H](n4cnc5c(N)ncnc54)[C@H](OP(=O)(O)O)[C@@H]3O)[C@@H](O)[C@H]2O)c1.O,rule0004_09,No_Thermo,Enzymatic
O=C1CC(=O)C(=CCc2ccccc2)O1.OO,O.O=C1CC(=O)C(=CCc2cccc(O)c2)O1,O=C1CC(=O)C(=CCc2ccccc2)O1.OO >> O.O=C1CC(=O)C(=CCc2cccc(O)c2)O1,rule1165_2,No_Thermo,Enzymatic
NC(=O)C1=CN([C@@H]2O[C@H](COP(=O)(O)OP(=O)(O)OC[C@H]3O[C@@H](n4cnc5c(N)ncnc54)[C@H](OP(=O)(O)O)[C@@H]3O)[C@@H](O)[C@H]2O)C=CC1.O=C1CC(O)C(=C(O)Cc2ccccc2)O1.O=O,NC(=O)c1ccc[n+]([C@@H]2O[C@H](COP(=O)(O)OP(=O)(O)OC[C@H]3O[C@@H](n4cnc5c(N)ncnc54)[C@H](OP(=O)(O)O)[C@@H]3O)[C@@H](O)[C@H]2O)c1.O.O=C1CC(O)C(=C(O)Cc2cccc(O)c2)O1,NC(=O)C1=CN([C@@H]2O[C@H](COP(=O)(O)OP(=O)(O)OC[C@H]3O[C@@H](n4cnc5c(N)ncnc54)[C@H](OP(=O)(O)O)[C@@H]3O)[C@@H](O)[C@H]2O)C=CC1.O=C1CC(O)C(=C(O)Cc2ccccc2)O1.O=O >> NC(=O)c1ccc[n+]([C@@H]2O[C@H](COP(=O)(O)OP(=O)(O)OC[C@H]3O[C@@H](n4cnc5c(N)ncnc54)[C@H](OP(=O)(O)O)[C@@H]3O)[C@@H](O)[C@H]2O)c1.O.O=C1CC(O)C(=C(O)Cc2cccc(O)c2)O1,rule0004_09,No_Thermo,Enzymatic
O=C1CC(O)C(=CC(O)c2ccccc2)O1,C=C1OC(=O)CC1O.O=Cc1ccccc1,O=C1CC(O)C(=CC(O)c2ccccc2)O1 >> C=C1OC(=O)CC1O.O=Cc1ccccc1,rule0053_13,No_Thermo,Enzymatic
NC(=O)C1=CN([C@@H]2O[C@H](COP(=O)(O)OP(=O)(O)OC[C@H]3O[C@@H](n4cnc5c(N)ncnc54)[C@H](OP(=O)(O)O)[C@@H]3O)[C@@H](O)[C@H]2O)C=CC1.O=C1CC(O)C(=C(O)Cc2ccccc2)O1.O=O,NC(=O)c1ccc[n+]([C@@H]2O[C@H](COP(=O)(O)OP(=O)(O)OC[C@H]3O[C@@H](n4cnc5c(N)ncnc54)[C@H](OP(=O)(O)O)[C@@H]3O)[C@@H](O)[C@H]2O)c1.O.O=C1CC(O)C(=C(O)C(O)c2ccccc2)O1,NC(=O)C1=CN([C@@H]2O[C@H](COP(=O)(O)OP(=O)(O)OC[C@H]3O[C@@H](n4cnc5c(N)ncnc54)[C@H](OP(=O)(O)O)[C@@H]3O)[C@@H](O)[C@H]2O)C=CC1.O=C1CC(O)C(=C(O)Cc2ccccc2)O1.O=O >> NC(=O)c1ccc[n+]([C@@H]2O[C@H](COP(=O)(O)OP(=O)(O)OC[C@H]3O[C@@H](n4cnc5c(N)ncnc54)[C@H](OP(=O)(O)O)[C@@H]3O)[C@@H](O)[C@H]2O)c1.O.O=C1CC(O)C(=C(O)C(O)c2ccccc2)O1,rule0004_13,No_Thermo,Enzymatic
NC(=O)C1=CN([C@@H]2O[C@H](COP(=O)(O)OP(=O)(O)OC[C@H]3O[C@@H](n4cnc5c(N)ncnc54)[C@H](OP(=O)(O)O)[C@@H]3O)[C@@H](O)[C@H]2O)C=CC1.O=C1CC(=O)C(O)(CCc2ccccc2)O1.O=O,NC(=O)c1ccc[n+]([C@@H]2O[C@H](COP(=O)(O)OP(=O)(O)OC[C@H]3O[C@@H](n4cnc5c(N)ncnc54)[C@H](OP(=O)(O)O)[C@@H]3O)[C@@H](O)[C@H]2O)c1.O.O=C1CC(=O)C(O)(CCC2=CC3OC3C=C2)O1,NC(=O)C1=CN([C@@H]2O[C@H](COP(=O)(O)OP(=O)(O)OC[C@H]3O[C@@H](n4cnc5c(N)ncnc54)[C@H](OP(=O)(O)O)[C@@H]3O)[C@@H](O)[C@H]2O)C=CC1.O=C1CC(=O)C(O)(CCc2ccccc2)O1.O=O >> NC(=O)c1ccc[n+]([C@@H]2O[C@H](COP(=O)(O)OP(=O)(O)OC[C@H]3O[C@@H](n4cnc5c(N)ncnc54)[C@H](OP(=O)(O)O)[C@@H]3O)[C@@H](O)[C@H]2O)c1.O.O=C1CC(=O)C(O)(CCC2=CC3OC3C=C2)O1,rule0951_1,No_Thermo,Enzymatic
NC(=O)C1=CN([C@@H]2O[C@H](COP(=O)(O)OP(=O)(O)OC[C@H]3O[C@@H](n4cnc5c(N)ncnc54)[C@H](OP(=O)(O)O)[C@@H]3O)[C@@H](O)[C@H]2O)C=CC1.O=C1CC(O)C(=CC(O)c2ccccc2)O1.O=O,NC(=O)c1ccc[n+]([C@@H]2O[C@H](COP(=O)(O)OP(=O)(O)OC[C@H]3O[C@@H](n4cnc5c(N)ncnc54)[C@H](OP(=O)(O)O)[C@@H]3O)[C@@H](O)[C@H]2O)c1.O.O=C1CC(O)C(=C(O)C(O)c2ccccc2)O1,NC(=O)C1=CN([C@@H]2O[C@H](COP(=O)(O)OP(=O)(O)OC[C@H]3O[C@@H](n4cnc5c(N)ncnc54)[C@H](OP(=O)(O)O)[C@@H]3O)[C@@H](O)[C@H]2O)C=CC1.O=C1CC(O)C(=CC(O)c2ccccc2)O1.O=O >> NC(=O)c1ccc[n+]([C@@H]2O[C@H](COP(=O)(O)OP(=O)(O)OC[C@H]3O[C@@H](n4cnc5c(N)ncnc54)[C@H](OP(=O)(O)O)[C@@H]3O)[C@@H](O)[C@H]2O)c1.O.O=C1CC(O)C(=C(O)C(O)c2ccccc2)O1,rule0004_13,No_Thermo,Enzymatic
O=C=O.Oc1ccccc1,O=C(O)c1cccc(O)c1,O=C=O.Oc1ccccc1 >> O=C(O)c1cccc(O)c1,rule0023_09,No_Thermo,Enzymatic
O=C1CC(=O)C(=CCC2=CC(O)C(O)C=C2)O1,C=C1OC(=O)C(CC2=CC(O)C(O)C=C2)C1=O,O=C1CC(=O)C(=CCC2=CC(O)C(O)C=C2)O1 >> C=C1OC(=O)C(CC2=CC(O)C(O)C=C2)C1=O,rule0028_51,No_Thermo,Enzymatic
Cc1ccc(C=C2OC(=O)CC2=O)cc1.NC(=O)C1=CN([C@@H]2O[C@H](COP(=O)(O)OP(=O)(O)OC[C@H]3O[C@@H](n4cnc5c(N)ncnc54)[C@H](OP(=O)(O)O)[C@@H]3O)[C@@H](O)[C@H]2O)C=CC1.O=O,CC1=CC(O)C(O)(C=C2OC(=O)CC2=O)C=C1.NC(=O)c1ccc[n+]([C@@H]2O[C@H](COP(=O)(O)OP(=O)(O)OC[C@H]3O[C@@H](n4cnc5c(N)ncnc54)[C@H](OP(=O)(O)O)[C@@H]3O)[C@@H](O)[C@H]2O)c1,Cc1ccc(C=C2OC(=O)CC2=O)cc1.NC(=O)C1=CN([C@@H]2O[C@H](COP(=O)(O)OP(=O)(O)OC[C@H]3O[C@@H](n4cnc5c(N)ncnc54)[C@H](OP(=O)(O)O)[C@@H]3O)[C@@H](O)[C@H]2O)C=CC1.O=O >> CC1=CC(O)C(O)(C=C2OC(=O)CC2=O)C=C1.NC(=O)c1ccc[n+]([C@@H]2O[C@H](COP(=O)(O)OP(=O)(O)OC[C@H]3O[C@@H](n4cnc5c(N)ncnc54)[C@H](OP(=O)(O)O)[C@@H]3O)[C@@H](O)[C@H]2O)c1,rule0094_1,No_Thermo,Enzymatic
NC(=O)C1=CN([C@@H]2O[C@H](COP(=O)(O)OP(=O)(O)OC[C@H]3O[C@@H](n4cnc5c(N)ncnc54)[C@H](OP(=O)(O)O)[C@@H]3O)[C@@H](O)[C@H]2O)C=CC1.O=C1CC(=O)C(=CCc2cccc(O)c2)O1.O=O,NC(=O)c1ccc[n+]([C@@H]2O[C@H](COP(=O)(O)OP(=O)(O)OC[C@H]3O[C@@H](n4cnc5c(N)ncnc54)[C@H](OP(=O)(O)O)[C@@H]3O)[C@@H](O)[C@H]2O)c1.O.O=C1CC(=O)C(=CCC2=CC3(O)OC3C=C2)O1,NC(=O)C1=CN([C@@H]2O[C@H](COP(=O)(O)OP(=O)(O)OC[C@H]3O[C@@H](n4cnc5c(N)ncnc54)[C@H](OP(=O)(O)O)[C@@H]3O)[C@@H](O)[C@H]2O)C=CC1.O=C1CC(=O)C(=CCc2cccc(O)c2)O1.O=O >> NC(=O)c1ccc[n+]([C@@H]2O[C@H](COP(=O)(O)OP(=O)(O)OC[C@H]3O[C@@H](n4cnc5c(N)ncnc54)[C@H](OP(=O)(O)O)[C@@H]3O)[C@@H](O)[C@H]2O)c1.O.O=C1CC(=O)C(=CCC2=CC3(O)OC3C=C2)O1,rule0951_1,No_Thermo,Enzymatic
O=C1CC(O)OC1=CC(O)c1ccccc1.OO,O.O=C1CC(O)OC1=CC(O)c1ccccc1O,O=C1CC(O)OC1=CC(O)c1ccccc1.OO >> O.O=C1CC(O)OC1=CC(O)c1ccccc1O,rule1165_2,No_Thermo,Enzymatic
O=C1CC(=O)C(=CCC2=CC=CC(O)C2O)O1,CC1=CC(C=C2OC(=O)CC2=O)=CC(O)C1O,O=C1CC(=O)C(=CCC2=CC=CC(O)C2O)O1 >> CC1=CC(C=C2OC(=O)CC2=O)=CC(O)C1O,rule0028_51,No_Thermo,Enzymatic
NC(=O)C1=CN([C@@H]2O[C@H](COP(=O)(O)OP(=O)(O)OC[C@H]3O[C@@H](n4cnc5c(N)ncnc54)[C@H](OP(=O)(O)O)[C@@H]3O)[C@@H](O)[C@H]2O)C=CC1.O=C1CC(=O)C(O)(CCc2ccccc2)O1.O=O,NC(=O)c1ccc[n+]([C@@H]2O[C@H](COP(=O)(O)OP(=O)(O)OC[C@H]3O[C@@H](n4cnc5c(N)ncnc54)[C@H](OP(=O)(O)O)[C@@H]3O)[C@@H](O)[C@H]2O)c1.O.O=C1CC(=O)C(O)(CCc2ccc(O)cc2)O1,NC(=O)C1=CN([C@@H]2O[C@H](COP(=O)(O)OP(=O)(O)OC[C@H]3O[C@@H](n4cnc5c(N)ncnc54)[C@H](OP(=O)(O)O)[C@@H]3O)[C@@H](O)[C@H]2O)C=CC1.O=C1CC(=O)C(O)(CCc2ccccc2)O1.O=O >> NC(=O)c1ccc[n+]([C@@H]2O[C@H](COP(=O)(O)OP(=O)(O)OC[C@H]3O[C@@H](n4cnc5c(N)ncnc54)[C@H](OP(=O)(O)O)[C@@H]3O)[C@@H](O)[C@H]2O)c1.O.O=C1CC(=O)C(O)(CCc2ccc(O)cc2)O1,rule0004_10,No_Thermo,Enzymatic
O.O=C1CC(=O)C(O)(CCc2ccccc2)O1,CCC1(O)OC(=O)CC1=O.Oc1ccccc1,O.O=C1CC(=O)C(O)(CCc2ccccc2)O1 >> CCC1(O)OC(=O)CC1=O.Oc1ccccc1,rule0085_1,No_Thermo,Enzymatic
O=C1CC(=O)C(=CCc2ccc(O)cc2)O1.OO,O.O=C1CC(=O)C(=CC(O)c2ccc(O)cc2)O1,O=C1CC(=O)C(=CCc2ccc(O)cc2)O1.OO >> O.O=C1CC(=O)C(=CC(O)c2ccc(O)cc2)O1,rule1165_1,No_Thermo,Enzymatic
O.O=C(O)CC(=O)C(O)=CCc1ccccc1,O=C(O)CC(O)C(O)=CC(O)c1ccccc1,O.O=C(O)CC(=O)C(O)=CCc1ccccc1 >> O=C(O)CC(O)C(O)=CC(O)c1ccccc1,rule0070_6,No_Thermo,Enzymatic
O=C1CC(O)OC1=CC(O)c1ccccc1,O.O=C1CC2OC1=CC(c1ccccc1)O2,O=C1CC(O)OC1=CC(O)c1ccccc1 >> O.O=C1CC2OC1=CC(c1ccccc1)O2,rule0032_17,No_Thermo,Enzymatic
O=C1CC(=O)C(=CCC2=CC=CC3OC23)O1,CC1=C(C=C2OC(=O)CC2=O)C=CC2OC12,O=C1CC(=O)C(=CCC2=CC=CC3OC23)O1 >> CC1=C(C=C2OC(=O)CC2=O)C=CC2OC12,rule0028_51,No_Thermo,Enzymatic
CC=C1OC(=O)CC1=O.O,CC(O)=C1OC(=O)CC1O,CC=C1OC(=O)CC1=O.O >> CC(O)=C1OC(=O)CC1O,rule0070_6,No_Thermo,Enzymatic
NC(=O)C1=CN([C@@H]2O[C@H](COP(=O)(O)OP(=O)(O)OC[C@H]3O[C@@H](n4cnc5c(N)ncnc54)[C@H](OP(=O)(O)O)[C@@H]3O)[C@@H](O)[C@H]2O)C=CC1.O=C1CC(O)C(=CC(O)c2ccccc2)O1.O=O,NC(=O)c1ccc[n+]([C@@H]2O[C@H](COP(=O)(O)OP(=O)(O)OC[C@H]3O[C@@H](n4cnc5c(N)ncnc54)[C@H](OP(=O)(O)O)[C@@H]3O)[C@@H](O)[C@H]2O)c1.O.O=C1CC(O)C(=CC(O)(O)c2ccccc2)O1,NC(=O)C1=CN([C@@H]2O[C@H](COP(=O)(O)OP(=O)(O)OC[C@H]3O[C@@H](n4cnc5c(N)ncnc54)[C@H](OP(=O)(O)O)[C@@H]3O)[C@@H](O)[C@H]2O)C=CC1.O=C1CC(O)C(=CC(O)c2ccccc2)O1.O=O >> NC(=O)c1ccc[n+]([C@@H]2O[C@H](COP(=O)(O)OP(=O)(O)OC[C@H]3O[C@@H](n4cnc5c(N)ncnc54)[C@H](OP(=O)(O)O)[C@@H]3O)[C@@H](O)[C@H]2O)c1.O.O=C1CC(O)C(=CC(O)(O)c2ccccc2)O1,rule0004_13,No_Thermo,Enzymatic
Nc1ncnc2c1ncn2[C@@H]1O[C@H](COP(=O)(O)OP(=O)(O)OP(=O)(O)O)[C@@H](O)[C@H]1O.Oc1ccccc1,Nc1ncnc2c1ncn2[C@@H]1O[C@H](COP(=O)(O)OP(=O)(O)O)[C@@H](O)[C@H]1O.O=P(O)(O)Oc1ccccc1,Nc1ncnc2c1ncn2[C@@H]1O[C@H](COP(=O)(O)OP(=O)(O)OP(=O)(O)O)[C@@H](O)[C@H]1O.Oc1ccccc1 >> Nc1ncnc2c1ncn2[C@@H]1O[C@H](COP(=O)(O)OP(=O)(O)O)[C@@H](O)[C@H]1O.O=P(O)(O)Oc1ccccc1,rule0015_34,No_Thermo,Enzymatic
O=C1CC(=O)C(=CCC2=CC(O)C(O)C=C2)O1,CC1=CC(O)(C=C2OC(=O)CC2=O)C(O)C=C1,O=C1CC(=O)C(=CCC2=CC(O)C(O)C=C2)O1 >> CC1=CC(O)(C=C2OC(=O)CC2=O)C(O)C=C1,rule0028_51,No_Thermo,Enzymatic
O=C1CC(=O)C(=CC(O)c2ccccc2)O1,O=CC=C1OC(=O)CC1=O.c1ccccc1,O=C1CC(=O)C(=CC(O)c2ccccc2)O1 >> O=CC=C1OC(=O)CC1=O.c1ccccc1,rule0053_13,No_Thermo,Enzymatic
N.Nc1ncnc2c1ncn2[C@@H]1O[C@H](COP(=O)(O)OP(=O)(O)OP(=O)(O)O)[C@@H](O)[C@H]1O.O=C(O)CC(=O)C(O)=CCc1ccccc1,NC(=O)CC(=O)C(O)=CCc1ccccc1.Nc1ncnc2c1ncn2[C@@H]1O[C@H](COP(=O)(O)O)[C@@H](O)[C@H]1O.O=P(O)(O)OP(=O)(O)O,N.Nc1ncnc2c1ncn2[C@@H]1O[C@H](COP(=O)(O)OP(=O)(O)OP(=O)(O)O)[C@@H](O)[C@H]1O.O=C(O)CC(=O)C(O)=CCc1ccccc1 >> NC(=O)CC(=O)C(O)=CCc1ccccc1.Nc1ncnc2c1ncn2[C@@H]1O[C@H](COP(=O)(O)O)[C@@H](O)[C@H]1O.O=P(O)(O)OP(=O)(O)O,rule0386_2,No_Thermo,Enzymatic
NC(=O)C1=CN([C@@H]2O[C@H](COP(=O)(O)OP(=O)(O)OC[C@H]3O[C@@H](n4cnc5c(N)ncnc54)[C@H](OP(=O)(O)O)[C@@H]3O)[C@@H](O)[C@H]2O)C=CC1.O=C1CC(=O)C(O)(CCc2ccccc2)O1.O=O,NC(=O)c1ccc[n+]([C@@H]2O[C@H](COP(=O)(O)OP(=O)(O)OC[C@H]3O[C@@H](n4cnc5c(N)ncnc54)[C@H](OP(=O)(O)O)[C@@H]3O)[C@@H](O)[C@H]2O)c1.O.O=C1CC(=O)C(O)(CCC23C=CC=CC2O3)O1,NC(=O)C1=CN([C@@H]2O[C@H](COP(=O)(O)OP(=O)(O)OC[C@H]3O[C@@H](n4cnc5c(N)ncnc54)[C@H](OP(=O)(O)O)[C@@H]3O)[C@@H](O)[C@H]2O)C=CC1.O=C1CC(=O)C(O)(CCc2ccccc2)O1.O=O >> NC(=O)c1ccc[n+]([C@@H]2O[C@H](COP(=O)(O)OP(=O)(O)OC[C@H]3O[C@@H](n4cnc5c(N)ncnc54)[C@H](OP(=O)(O)O)[C@@H]3O)[C@@H](O)[C@H]2O)c1.O.O=C1CC(=O)C(O)(CCC23C=CC=CC2O3)O1,rule0951_1,No_Thermo,Enzymatic
O=C1CC(=O)C(=CCc2ccccc2O)O1,Cc1ccc(C=C2OC(=O)CC2=O)cc1O,O=C1CC(=O)C(=CCc2ccccc2O)O1 >> Cc1ccc(C=C2OC(=O)CC2=O)cc1O,rule0028_51,No_Thermo,Enzymatic
O=C1CC(=O)C(=CCc2ccccc2O)O1,Cc1cc(C=C2OC(=O)CC2=O)ccc1O,O=C1CC(=O)C(=CCc2ccccc2O)O1 >> Cc1cc(C=C2OC(=O)CC2=O)ccc1O,rule0028_51,No_Thermo,Enzymatic
NC(=O)C1=CN([C@@H]2O[C@H](COP(=O)(O)OP(=O)(O)OC[C@H]3O[C@@H](n4cnc5c(N)ncnc54)[C@H](OP(=O)(O)O)[C@@H]3O)[C@@H](O)[C@H]2O)C=CC1.O=C1CC(=O)C2(O1)OC2Cc1ccccc1.O=O,NC(=O)c1ccc[n+]([C@@H]2O[C@H](COP(=O)(O)OP(=O)(O)OC[C@H]3O[C@@H](n4cnc5c(N)ncnc54)[C@H](OP(=O)(O)O)[C@@H]3O)[C@@H](O)[C@H]2O)c1.O.O=C1CC(=O)C2(O1)OC2Cc1ccccc1O,NC(=O)C1=CN([C@@H]2O[C@H](COP(=O)(O)OP(=O)(O)OC[C@H]3O[C@@H](n4cnc5c(N)ncnc54)[C@H](OP(=O)(O)O)[C@@H]3O)[C@@H](O)[C@H]2O)C=CC1.O=C1CC(=O)C2(O1)OC2Cc1ccccc1.O=O >> NC(=O)c1ccc[n+]([C@@H]2O[C@H](COP(=O)(O)OP(=O)(O)OC[C@H]3O[C@@H](n4cnc5c(N)ncnc54)[C@H](OP(=O)(O)O)[C@@H]3O)[C@@H](O)[C@H]2O)c1.O.O=C1CC(=O)C2(O1)OC2Cc1ccccc1O,rule0004_10,No_Thermo,Enzymatic
NC(=O)C1=CN([C@@H]2O[C@H](COP(=O)(O)OP(=O)(O)OC[C@H]3O[C@@H](n4cnc5c(N)ncnc54)[C@H](OP(=O)(O)O)[C@@H]3O)[C@@H](O)[C@H]2O)C=CC1.O=O.Oc1ccccc1,NC(=O)c1ccc[n+]([C@@H]2O[C@H](COP(=O)(O)OP(=O)(O)OC[C@H]3O[C@@H](n4cnc5c(N)ncnc54)[C@H](OP(=O)(O)O)[C@@H]3O)[C@@H](O)[C@H]2O)c1.OC1C=CC=CC1(O)O,NC(=O)C1=CN([C@@H]2O[C@H](COP(=O)(O)OP(=O)(O)OC[C@H]3O[C@@H](n4cnc5c(N)ncnc54)[C@H](OP(=O)(O)O)[C@@H]3O)[C@@H](O)[C@H]2O)C=CC1.O=O.Oc1ccccc1 >> NC(=O)c1ccc[n+]([C@@H]2O[C@H](COP(=O)(O)OP(=O)(O)OC[C@H]3O[C@@H](n4cnc5c(N)ncnc54)[C@H](OP(=O)(O)O)[C@@H]3O)[C@@H](O)[C@H]2O)c1.OC1C=CC=CC1(O)O,rule0094_1,No_Thermo,Enzymatic
O=C1CC(O)OC1=CC(O)c1ccccc1.OO,O.O=C1CC(O)OC1=CC(O)(O)c1ccccc1,O=C1CC(O)OC1=CC(O)c1ccccc1.OO >> O.O=C1CC(O)OC1=CC(O)(O)c1ccccc1,rule1165_1,No_Thermo,Enzymatic
O.O=C1CC(O)OC1=C(O)Cc1ccccc1,O=C1CC(O)OC1(O)C(O)Cc1ccccc1,O.O=C1CC(O)OC1=C(O)Cc1ccccc1 >> O=C1CC(O)OC1(O)C(O)Cc1ccccc1,rule0020_19,No_Thermo,Enzymatic
NC(=O)C1=CN([C@@H]2O[C@H](COP(=O)(O)OP(=O)(O)OC[C@H]3O[C@@H](n4cnc5c(N)ncnc54)[C@H](OP(=O)(O)O)[C@@H]3O)[C@@H](O)[C@H]2O)C=CC1.O=C1CC(=O)C(=CCc2cccc(O)c2)O1.O=O,NC(=O)c1ccc[n+]([C@@H]2O[C@H](COP(=O)(O)OP(=O)(O)OC[C@H]3O[C@@H](n4cnc5c(N)ncnc54)[C@H](OP(=O)(O)O)[C@@H]3O)[C@@H](O)[C@H]2O)c1.O.O=C1CC(=O)C(=CCC23C=C(O)C=CC2O3)O1,NC(=O)C1=CN([C@@H]2O[C@H](COP(=O)(O)OP(=O)(O)OC[C@H]3O[C@@H](n4cnc5c(N)ncnc54)[C@H](OP(=O)(O)O)[C@@H]3O)[C@@H](O)[C@H]2O)C=CC1.O=C1CC(=O)C(=CCc2cccc(O)c2)O1.O=O >> NC(=O)c1ccc[n+]([C@@H]2O[C@H](COP(=O)(O)OP(=O)(O)OC[C@H]3O[C@@H](n4cnc5c(N)ncnc54)[C@H](OP(=O)(O)O)[C@@H]3O)[C@@H](O)[C@H]2O)c1.O.O=C1CC(=O)C(=CCC23C=C(O)C=CC2O3)O1,rule0951_1,No_Thermo,Enzymatic
NC(=O)C1=CN([C@@H]2O[C@H](COP(=O)(O)OP(=O)(O)OC[C@H]3O[C@@H](n4cnc5c(N)ncnc54)[C@H](OP(=O)(O)O)[C@@H]3O)[C@@H](O)[C@H]2O)C=CC1.O=C1CC(=O)C(=CCc2cccc(O)c2)O1.O=O,NC(=O)c1ccc[n+]([C@@H]2O[C@H](COP(=O)(O)OP(=O)(O)OC[C@H]3O[C@@H](n4cnc5c(N)ncnc54)[C@H](OP(=O)(O)O)[C@@H]3O)[C@@H](O)[C@H]2O)c1.O.O=C1CC(=O)C(=CCc2ccc(O)c(O)c2)O1,NC(=O)C1=CN([C@@H]2O[C@H](COP(=O)(O)OP(=O)(O)OC[C@H]3O[C@@H](n4cnc5c(N)ncnc54)[C@H](OP(=O)(O)O)[C@@H]3O)[C@@H](O)[C@H]2O)C=CC1.O=C1CC(=O)C(=CCc2cccc(O)c2)O1.O=O >> NC(=O)c1ccc[n+]([C@@H]2O[C@H](COP(=O)(O)OP(=O)(O)OC[C@H]3O[C@@H](n4cnc5c(N)ncnc54)[C@H](OP(=O)(O)O)[C@@H]3O)[C@@H](O)[C@H]2O)c1.O.O=C1CC(=O)C(=CCc2ccc(O)c(O)c2)O1,rule0004_10,No_Thermo,Enzymatic
O=C(O)CC(=O)C(O)=CCc1ccccc1,O=C(O)CC(O)C1=C(Cc2ccccc2)O1,O=C(O)CC(=O)C(O)=CCc1ccccc1 >> O=C(O)CC(O)C1=C(Cc2ccccc2)O1,rule0169_1,No_Thermo,Enzymatic
O=C1CC(=O)C(=CCc2ccccc2)O1,Cc1ccc(C=C2OC(=O)CC2=O)cc1,O=C1CC(=O)C(=CCc2ccccc2)O1 >> Cc1ccc(C=C2OC(=O)CC2=O)cc1,rule0028_51,No_Thermo,Enzymatic
NC(=O)C1=CN([C@@H]2O[C@H](COP(=O)(O)OP(=O)(O)OC[C@H]3O[C@@H](n4cnc5c(N)ncnc54)[C@H](OP(=O)(O)O)[C@@H]3O)[C@@H](O)[C@H]2O)C=CC1.O=O.Oc1ccccc1,NC(=O)c1ccc[n+]([C@@H]2O[C@H](COP(=O)(O)OP(=O)(O)OC[C@H]3O[C@@H](n4cnc5c(N)ncnc54)[C@H](OP(=O)(O)O)[C@@H]3O)[C@@H](O)[C@H]2O)c1.O.OC1=CC=CC2OC12,NC(=O)C1=CN([C@@H]2O[C@H](COP(=O)(O)OP(=O)(O)OC[C@H]3O[C@@H](n4cnc5c(N)ncnc54)[C@H](OP(=O)(O)O)[C@@H]3O)[C@@H](O)[C@H]2O)C=CC1.O=O.Oc1ccccc1 >> NC(=O)c1ccc[n+]([C@@H]2O[C@H](COP(=O)(O)OP(=O)(O)OC[C@H]3O[C@@H](n4cnc5c(N)ncnc54)[C@H](OP(=O)(O)O)[C@@H]3O)[C@@H](O)[C@H]2O)c1.O.OC1=CC=CC2OC12,rule0951_1,No_Thermo,Enzymatic
O=C1CC(=O)C(=CCc2cccc(O)c2)O1.OO,O.O=C1CC(=O)C(=CCc2ccc(O)c(O)c2)O1,O=C1CC(=O)C(=CCc2cccc(O)c2)O1.OO >> O.O=C1CC(=O)C(=CCc2ccc(O)c(O)c2)O1,rule1165_2,No_Thermo,Enzymatic
Cc1ccc(C=C2OC(=O)CC2=O)cc1.NC(=O)C1=CN([C@@H]2O[C@H](COP(=O)(O)OP(=O)(O)OC[C@H]3O[C@@H](n4cnc5c(N)ncnc54)[C@H](OP(=O)(O)O)[C@@H]3O)[C@@H](O)[C@H]2O)C=CC1.O=O,Cc1ccc(C=C2OC(=O)CC2=O)c(O)c1.NC(=O)c1ccc[n+]([C@@H]2O[C@H](COP(=O)(O)OP(=O)(O)OC[C@H]3O[C@@H](n4cnc5c(N)ncnc54)[C@H](OP(=O)(O)O)[C@@H]3O)[C@@H](O)[C@H]2O)c1.O,Cc1ccc(C=C2OC(=O)CC2=O)cc1.NC(=O)C1=CN([C@@H]2O[C@H](COP(=O)(O)OP(=O)(O)OC[C@H]3O[C@@H](n4cnc5c(N)ncnc54)[C@H](OP(=O)(O)O)[C@@H]3O)[C@@H](O)[C@H]2O)C=CC1.O=O >> Cc1ccc(C=C2OC(=O)CC2=O)c(O)c1.NC(=O)c1ccc[n+]([C@@H]2O[C@H](COP(=O)(O)OP(=O)(O)OC[C@H]3O[C@@H](n4cnc5c(N)ncnc54)[C@H](OP(=O)(O)O)[C@@H]3O)[C@@H](O)[C@H]2O)c1.O,rule0004_09,No_Thermo,Enzymatic
O=C1CC(=O)C(=CC(O)c2ccccc2)O1,O=C1CC(=O)C(=Cc2ccc(CO)cc2)O1,O=C1CC(=O)C(=CC(O)c2ccccc2)O1 >> O=C1CC(=O)C(=Cc2ccc(CO)cc2)O1,rule0028_51,No_Thermo,Enzymatic
O=C1CC(=O)C(O)(CCc2ccccc2)O1,O=C1OC(O)C(=O)C1CCc1ccccc1,O=C1CC(=O)C(O)(CCc2ccccc2)O1 >> O=C1OC(O)C(=O)C1CCc1ccccc1,rule0028_51,No_Thermo,Enzymatic
O=O.Oc1ccccc1,O=CC=CC=C(O)C=O,O=O.Oc1ccccc1 >> O=CC=CC=C(O)C=O,rule0052_1,No_Thermo,Enzymatic
NC(=O)C1=CN([C@@H]2O[C@H](COP(=O)(O)OP(=O)(O)OC[C@H]3O[C@@H](n4cnc5c(N)ncnc54)[C@H](OP(=O)(O)O)[C@@H]3O)[C@@H](O)[C@H]2O)C=CC1.O=C1CC(=O)C(=CCc2ccccc2O)O1.O=O,NC(=O)c1ccc[n+]([C@@H]2O[C@H](COP(=O)(O)OP(=O)(O)OC[C@H]3O[C@@H](n4cnc5c(N)ncnc54)[C@H](OP(=O)(O)O)[C@@H]3O)[C@@H](O)[C@H]2O)c1.O.O=C1CC(=O)C(=CCC2=CC3OC3C=C2O)O1,NC(=O)C1=CN([C@@H]2O[C@H](COP(=O)(O)OP(=O)(O)OC[C@H]3O[C@@H](n4cnc5c(N)ncnc54)[C@H](OP(=O)(O)O)[C@@H]3O)[C@@H](O)[C@H]2O)C=CC1.O=C1CC(=O)C(=CCc2ccccc2O)O1.O=O >> NC(=O)c1ccc[n+]([C@@H]2O[C@H](COP(=O)(O)OP(=O)(O)OC[C@H]3O[C@@H](n4cnc5c(N)ncnc54)[C@H](OP(=O)(O)O)[C@@H]3O)[C@@H](O)[C@H]2O)c1.O.O=C1CC(=O)C(=CCC2=CC3OC3C=C2O)O1,rule0951_1,No_Thermo,Enzymatic
O.O=C(O)CC(=O)C(O)=CCc1ccccc1,O=C(O)CC(=O)C(O)(O)CCc1ccccc1,O.O=C(O)CC(=O)C(O)=CCc1ccccc1 >> O=C(O)CC(=O)C(O)(O)CCc1ccccc1,rule0020_19,No_Thermo,Enzymatic
Nc1ncnc2c1ncn2[C@@H]1O[C@H](COP(=O)(O)OS(=O)(=O)O)[C@@H](OP(=O)(O)O)[C@H]1O.Oc1ccccc1,Nc1ncnc2c1ncn2[C@@H]1O[C@H](COP(=O)(O)O)[C@@H](OP(=O)(O)O)[C@H]1O.O=S(=O)(O)Oc1ccccc1,Nc1ncnc2c1ncn2[C@@H]1O[C@H](COP(=O)(O)OS(=O)(=O)O)[C@@H](OP(=O)(O)O)[C@H]1O.Oc1ccccc1 >> Nc1ncnc2c1ncn2[C@@H]1O[C@H](COP(=O)(O)O)[C@@H](OP(=O)(O)O)[C@H]1O.O=S(=O)(O)Oc1ccccc1,rule0048_5,No_Thermo,Enzymatic
Cl.O=C1CC(O)C(=C(O)Cc2ccccc2)O1,O.O=C1CC(O)C(=C(Cl)Cc2ccccc2)O1,Cl.O=C1CC(O)C(=C(O)Cc2ccccc2)O1 >> O.O=C1CC(O)C(=C(Cl)Cc2ccccc2)O1,rule0183_6,No_Thermo,Enzymatic
NC(=O)c1ccc[n+]([C@@H]2O[C@H](COP(=O)(O)OP(=O)(O)OC[C@H]3O[C@@H](n4cnc5c(N)ncnc54)[C@H](OP(=O)(O)O)[C@@H]3O)[C@@H](O)[C@H]2O)c1.O=C1CC(O)OC1=CC(O)c1ccccc1,NC(=O)C1=CN([C@@H]2O[C@H](COP(=O)(O)OP(=O)(O)OC[C@H]3O[C@@H](n4cnc5c(N)ncnc54)[C@H](OP(=O)(O)O)[C@@H]3O)[C@@H](O)[C@H]2O)C=CC1.O=C1CC(O)OC1=CC(=O)c1ccccc1,NC(=O)c1ccc[n+]([C@@H]2O[C@H](COP(=O)(O)OP(=O)(O)OC[C@H]3O[C@@H](n4cnc5c(N)ncnc54)[C@H](OP(=O)(O)O)[C@@H]3O)[C@@H](O)[C@H]2O)c1.O=C1CC(O)OC1=CC(O)c1ccccc1 >> NC(=O)C1=CN([C@@H]2O[C@H](COP(=O)(O)OP(=O)(O)OC[C@H]3O[C@@H](n4cnc5c(N)ncnc54)[C@H](OP(=O)(O)O)[C@@H]3O)[C@@H](O)[C@H]2O)C=CC1.O=C1CC(O)OC1=CC(=O)c1ccccc1,rule0002_087,No_Thermo,Enzymatic
O=C(O)CC(=O)C(O)=CCc1ccccc1,O=C(C(O)=CCc1ccccc1)C1OC1O,O=C(O)CC(=O)C(O)=CCc1ccccc1 >> O=C(C(O)=CCc1ccccc1)C1OC1O,rule0169_1,No_Thermo,Enzymatic
O.O=C1CC(=O)C(=CC(O)c2ccccc2)O1,O=C1CC(O)OC1=C(O)C(O)c1ccccc1,O.O=C1CC(=O)C(=CC(O)c2ccccc2)O1 >> O=C1CC(O)OC1=C(O)C(O)c1ccccc1,rule0070_6,No_Thermo,Enzymatic
O=C1CC(=O)C(=CCC2=CC3OC3C=C2)O1,CC1=CC2(C=C3OC(=O)CC3=O)OC2C=C1,O=C1CC(=O)C(=CCC2=CC3OC3C=C2)O1 >> CC1=CC2(C=C3OC(=O)CC3=O)OC2C=C1,rule0028_51,No_Thermo,Enzymatic
*C1=C(*)C(=O)C(*)=C(*)C1=O.O=C1CC(O)C(=CC(O)c2ccccc2)O1,*c1c(*)c(O)c(*)c(*)c1O.O=C1CC(O)C(=CC(=O)c2ccccc2)O1,*C1=C(*)C(=O)C(*)=C(*)C1=O.O=C1CC(O)C(=CC(O)c2ccccc2)O1 >> *c1c(*)c(O)c(*)c(*)c1O.O=C1CC(O)C(=CC(=O)c2ccccc2)O1,rule0467_8,No_Thermo,Enzymatic
O.O=C1CC(=O)C(=C(O)Cc2ccccc2)O1,O=C1CC(=O)C(O)(C(O)Cc2ccccc2)O1,O.O=C1CC(=O)C(=C(O)Cc2ccccc2)O1 >> O=C1CC(=O)C(O)(C(O)Cc2ccccc2)O1,rule0020_19,No_Thermo,Enzymatic
O.O=C1CC(=O)C(=CCC2=CC3OC3C=C2)O1,O=C1CC(=O)C(O)(CCC2=CC3OC3C=C2)O1,O.O=C1CC(=O)C(=CCC2=CC3OC3C=C2)O1 >> O=C1CC(=O)C(O)(CCC2=CC3OC3C=C2)O1,rule0020_19,No_Thermo,Enzymatic
NC(=O)C1=CN([C@@H]2O[C@H](COP(=O)(O)OP(=O)(O)OC[C@H]3O[C@@H](n4cnc5c(N)ncnc54)[C@H](OP(=O)(O)O)[C@@H]3O)[C@@H](O)[C@H]2O)C=CC1.O=C1CC(=O)C2(O1)OC2Cc1ccccc1.O=O,NC(=O)c1ccc[n+]([C@@H]2O[C@H](COP(=O)(O)OP(=O)(O)OC[C@H]3O[C@@H](n4cnc5c(N)ncnc54)[C@H](OP(=O)(O)O)[C@@H]3O)[C@@H](O)[C@H]2O)c1.O.O=C1CC(=O)C2(O1)OC2Cc1cccc(O)c1,NC(=O)C1=CN([C@@H]2O[C@H](COP(=O)(O)OP(=O)(O)OC[C@H]3O[C@@H](n4cnc5c(N)ncnc54)[C@H](OP(=O)(O)O)[C@@H]3O)[C@@H](O)[C@H]2O)C=CC1.O=C1CC(=O)C2(O1)OC2Cc1ccccc1.O=O >> NC(=O)c1ccc[n+]([C@@H]2O[C@H](COP(=O)(O)OP(=O)(O)OC[C@H]3O[C@@H](n4cnc5c(N)ncnc54)[C@H](OP(=O)(O)O)[C@@H]3O)[C@@H](O)[C@H]2O)c1.O.O=C1CC(=O)C2(O1)OC2Cc1cccc(O)c1,rule0004_09,No_Thermo,Enzymatic
NC(=O)C1=CN([C@@H]2O[C@H](COP(=O)(O)OP(=O)(O)OC[C@H]3O[C@@H](n4cnc5c(N)ncnc54)[C@H](OP(=O)(O)O)[C@@H]3O)[C@@H](O)[C@H]2O)C=CC1.O=C1CC(=O)C(=CC(O)c2ccccc2)O1.O=O,NC(=O)c1ccc[n+]([C@@H]2O[C@H](COP(=O)(O)OP(=O)(O)OC[C@H]3O[C@@H](n4cnc5c(N)ncnc54)[C@H](OP(=O)(O)O)[C@@H]3O)[C@@H](O)[C@H]2O)c1.O.O=C1CC(=O)C(=CC(O)c2cccc(O)c2)O1,NC(=O)C1=CN([C@@H]2O[C@H](COP(=O)(O)OP(=O)(O)OC[C@H]3O[C@@H](n4cnc5c(N)ncnc54)[C@H](OP(=O)(O)O)[C@@H]3O)[C@@H](O)[C@H]2O)C=CC1.O=C1CC(=O)C(=CC(O)c2ccccc2)O1.O=O >> NC(=O)c1ccc[n+]([C@@H]2O[C@H](COP(=O)(O)OP(=O)(O)OC[C@H]3O[C@@H](n4cnc5c(N)ncnc54)[C@H](OP(=O)(O)O)[C@@H]3O)[C@@H](O)[C@H]2O)c1.O.O=C1CC(=O)C(=CC(O)c2cccc(O)c2)O1,rule0004_09,No_Thermo,Enzymatic
O.O=C1CC(=O)C(=CCc2ccccc2O)O1,CC=C1OC(=O)CC1=O.Oc1ccccc1O,O.O=C1CC(=O)C(=CCc2ccccc2O)O1 >> CC=C1OC(=O)CC1=O.Oc1ccccc1O,rule0085_1,No_Thermo,Enzymatic
Cc1cccc(C=C2OC(=O)CC2=O)c1.OO,Cc1cccc(C=C2OC(=O)CC2=O)c1O.O,Cc1cccc(C=C2OC(=O)CC2=O)c1.OO >> Cc1cccc(C=C2OC(=O)CC2=O)c1O.O,rule1165_2,No_Thermo,Enzymatic
NC(=O)c1ccc[n+]([C@@H]2O[C@H](COP(=O)(O)OP(=O)(O)OC[C@H]3O[C@@H](n4cnc5c(N)ncnc54)[C@H](OP(=O)(O)O)[C@@H]3O)[C@@H](O)[C@H]2O)c1.O=C1CC(O)C(=CC(O)c2ccccc2)O1,NC(=O)C1=CN([C@@H]2O[C@H](COP(=O)(O)OP(=O)(O)OC[C@H]3O[C@@H](n4cnc5c(N)ncnc54)[C@H](OP(=O)(O)O)[C@@H]3O)[C@@H](O)[C@H]2O)C=CC1.O=C1CC(O)C(=CC(=O)c2ccccc2)O1,NC(=O)c1ccc[n+]([C@@H]2O[C@H](COP(=O)(O)OP(=O)(O)OC[C@H]3O[C@@H](n4cnc5c(N)ncnc54)[C@H](OP(=O)(O)O)[C@@H]3O)[C@@H](O)[C@H]2O)c1.O=C1CC(O)C(=CC(O)c2ccccc2)O1 >> NC(=O)C1=CN([C@@H]2O[C@H](COP(=O)(O)OP(=O)(O)OC[C@H]3O[C@@H](n4cnc5c(N)ncnc54)[C@H](OP(=O)(O)O)[C@@H]3O)[C@@H](O)[C@H]2O)C=CC1.O=C1CC(O)C(=CC(=O)c2ccccc2)O1,rule0002_087,No_Thermo,Enzymatic
O=C1CC(O)C(=CC(O)c2ccccc2)O1,O=C1CC(O)C(=Cc2cccc(CO)c2)O1,O=C1CC(O)C(=CC(O)c2ccccc2)O1 >> O=C1CC(O)C(=Cc2cccc(CO)c2)O1,rule0028_51,No_Thermo,Enzymatic
O.O=C(O)CC(=O)C(O)=CCc1ccccc1,O=C(O)CC(O)C(O)=C(O)Cc1ccccc1,O.O=C(O)CC(=O)C(O)=CCc1ccccc1 >> O=C(O)CC(O)C(O)=C(O)Cc1ccccc1,rule0070_6,No_Thermo,Enzymatic
NC(=O)C1=CN([C@@H]2O[C@H](COP(=O)(O)OP(=O)(O)OC[C@H]3O[C@@H](n4cnc5c(N)ncnc54)[C@H](OP(=O)(O)O)[C@@H]3O)[C@@H](O)[C@H]2O)C=CC1.O=C1CC(O)OC1=C(O)Cc1ccccc1.O=O,NC(=O)c1ccc[n+]([C@@H]2O[C@H](COP(=O)(O)OP(=O)(O)OC[C@H]3O[C@@H](n4cnc5c(N)ncnc54)[C@H](OP(=O)(O)O)[C@@H]3O)[C@@H](O)[C@H]2O)c1.O.O=C1CC(O)OC1=C(O)C(O)c1ccccc1,NC(=O)C1=CN([C@@H]2O[C@H](COP(=O)(O)OP(=O)(O)OC[C@H]3O[C@@H](n4cnc5c(N)ncnc54)[C@H](OP(=O)(O)O)[C@@H]3O)[C@@H](O)[C@H]2O)C=CC1.O=C1CC(O)OC1=C(O)Cc1ccccc1.O=O >> NC(=O)c1ccc[n+]([C@@H]2O[C@H](COP(=O)(O)OP(=O)(O)OC[C@H]3O[C@@H](n4cnc5c(N)ncnc54)[C@H](OP(=O)(O)O)[C@@H]3O)[C@@H](O)[C@H]2O)c1.O.O=C1CC(O)OC1=C(O)C(O)c1ccccc1,rule0004_13,No_Thermo,Enzymatic
O=C1CC(=O)C(=CCC2=CC=CC(O)C2O)O1,O=C1CC(=O)C(=CCC2=CC(O)C(O)C=C2)O1,O=C1CC(=O)C(=CCC2=CC=CC(O)C2O)O1 >> O=C1CC(=O)C(=CCC2=CC(O)C(O)C=C2)O1,rule0028_51,No_Thermo,Enzymatic
O=C1CC(=O)C(=CC(O)c2ccccc2)O1.O=O,O=C1CC(=O)C(=CC(=O)c2ccccc2)O1.OO,O=C1CC(=O)C(=CC(O)c2ccccc2)O1.O=O >> O=C1CC(=O)C(=CC(=O)c2ccccc2)O1.OO,rule0074_09,No_Thermo,Enzymatic
O=C(O)CC(=O)C(O)=CCc1ccccc1,O=C(O)CC(=O)C(=O)CCc1ccccc1,O=C(O)CC(=O)C(O)=CCc1ccccc1 >> O=C(O)CC(=O)C(=O)CCc1ccccc1,rule0175_1,No_Thermo,Enzymatic
O=C(O)CC(=O)C(O)=CCc1ccccc1,O=C(O)CC1(O)OC1=CCc1ccccc1,O=C(O)CC(=O)C(O)=CCc1ccccc1 >> O=C(O)CC1(O)OC1=CCc1ccccc1,rule0063_1,No_Thermo,Enzymatic
O.O=C1CC(=O)C(=CCC2=CC3OC3C=C2)O1,O=C1CC(O)C(=CC(O)C2=CC3OC3C=C2)O1,O.O=C1CC(=O)C(=CCC2=CC3OC3C=C2)O1 >> O=C1CC(O)C(=CC(O)C2=CC3OC3C=C2)O1,rule0070_6,No_Thermo,Enzymatic
O.O=C1CC(=O)C(O)(CCc2ccccc2)O1,O=C1CC(O)OC1(O)C(O)Cc1ccccc1,O.O=C1CC(=O)C(O)(CCc2ccccc2)O1 >> O=C1CC(O)OC1(O)C(O)Cc1ccccc1,rule0070_6,No_Thermo,Enzymatic
NC(=O)c1ccc[n+]([C@@H]2O[C@H](COP(=O)(O)OP(=O)(O)OC[C@H]3O[C@@H](n4cnc5c(N)ncnc54)[C@H](OP(=O)(O)O)[C@@H]3O)[C@@H](O)[C@H]2O)c1.O.O=C1CC(O)C(=C(O)Cc2ccccc2)O1,NC(=O)C1=CN([C@@H]2O[C@H](COP(=O)(O)OP(=O)(O)OC[C@H]3O[C@@H](n4cnc5c(N)ncnc54)[C@H](OP(=O)(O)O)[C@@H]3O)[C@@H](O)[C@H]2O)C=CC1.O=C1CC(O)C(=CCc2ccccc2)O1.O=O,NC(=O)c1ccc[n+]([C@@H]2O[C@H](COP(=O)(O)OP(=O)(O)OC[C@H]3O[C@@H](n4cnc5c(N)ncnc54)[C@H](OP(=O)(O)O)[C@@H]3O)[C@@H](O)[C@H]2O)c1.O.O=C1CC(O)C(=C(O)Cc2ccccc2)O1 >> NC(=O)C1=CN([C@@H]2O[C@H](COP(=O)(O)OP(=O)(O)OC[C@H]3O[C@@H](n4cnc5c(N)ncnc54)[C@H](OP(=O)(O)O)[C@@H]3O)[C@@H](O)[C@H]2O)C=CC1.O=C1CC(O)C(=CCc2ccccc2)O1.O=O,rule0005_61,No_Thermo,Enzymatic
Cc1cccc(C=C2OC(=O)CC2=O)c1.OO,Cc1ccc(O)c(C=C2OC(=O)CC2=O)c1.O,Cc1cccc(C=C2OC(=O)CC2=O)c1.OO >> Cc1ccc(O)c(C=C2OC(=O)CC2=O)c1.O,rule1165_2,No_Thermo,Enzymatic
NC(=O)c1ccc[n+]([C@@H]2O[C@H](COP(=O)(O)OP(=O)(O)OC[C@H]3O[C@@H](n4cnc5c(N)ncnc54)[C@H](OP(=O)(O)O)[C@@H]3O)[C@@H](O)[C@H]2O)c1.O.O=C1CC(=O)C(=CCc2ccccc2O)O1,NC(=O)C1=CN([C@@H]2O[C@H](COP(=O)(O)OP(=O)(O)OC[C@H]3O[C@@H](n4cnc5c(N)ncnc54)[C@H](OP(=O)(O)O)[C@@H]3O)[C@@H](O)[C@H]2O)C=CC1.O=C1CC(=O)C(=CCc2ccccc2)O1.O=O,NC(=O)c1ccc[n+]([C@@H]2O[C@H](COP(=O)(O)OP(=O)(O)OC[C@H]3O[C@@H](n4cnc5c(N)ncnc54)[C@H](OP(=O)(O)O)[C@@H]3O)[C@@H](O)[C@H]2O)c1.O.O=C1CC(=O)C(=CCc2ccccc2O)O1 >> NC(=O)C1=CN([C@@H]2O[C@H](COP(=O)(O)OP(=O)(O)OC[C@H]3O[C@@H](n4cnc5c(N)ncnc54)[C@H](OP(=O)(O)O)[C@@H]3O)[C@@H](O)[C@H]2O)C=CC1.O=C1CC(=O)C(=CCc2ccccc2)O1.O=O,rule0005_51,No_Thermo,Enzymatic
O.O=C1CC(=O)C(=C(O)Cc2ccccc2)O1,O=C1CC(O)OC1=C(O)C(O)c1ccccc1,O.O=C1CC(=O)C(=C(O)Cc2ccccc2)O1 >> O=C1CC(O)OC1=C(O)C(O)c1ccccc1,rule0070_6,No_Thermo,Enzymatic
NC(=O)C1=CN([C@@H]2O[C@H](COP(=O)(O)OP(=O)(O)OC[C@H]3O[C@@H](n4cnc5c(N)ncnc54)[C@H](OP(=O)(O)O)[C@@H]3O)[C@@H](O)[C@H]2O)C=CC1.O=C1CC(O)OC1=CC(O)c1ccccc1.O=O,NC(=O)c1ccc[n+]([C@@H]2O[C@H](COP(=O)(O)OP(=O)(O)OC[C@H]3O[C@@H](n4cnc5c(N)ncnc54)[C@H](OP(=O)(O)O)[C@@H]3O)[C@@H](O)[C@H]2O)c1.O.O=C1CC(O)OC12OC2C(O)c1ccccc1,NC(=O)C1=CN([C@@H]2O[C@H](COP(=O)(O)OP(=O)(O)OC[C@H]3O[C@@H](n4cnc5c(N)ncnc54)[C@H](OP(=O)(O)O)[C@@H]3O)[C@@H](O)[C@H]2O)C=CC1.O=C1CC(O)OC1=CC(O)c1ccccc1.O=O >> NC(=O)c1ccc[n+]([C@@H]2O[C@H](COP(=O)(O)OP(=O)(O)OC[C@H]3O[C@@H](n4cnc5c(N)ncnc54)[C@H](OP(=O)(O)O)[C@@H]3O)[C@@H](O)[C@H]2O)c1.O.O=C1CC(O)OC12OC2C(O)c1ccccc1,rule0077_4,No_Thermo,Enzymatic
NC(=O)C1=CN([C@@H]2O[C@H](COP(=O)(O)OP(=O)(O)OC[C@H]3O[C@@H](n4cnc5c(N)ncnc54)[C@H](OP(=O)(O)O)[C@@H]3O)[C@@H](O)[C@H]2O)C=CC1.O=C1CC(=O)C(O)(CCc2ccccc2)O1.O=O,NC(=O)c1ccc[n+]([C@@H]2O[C@H](COP(=O)(O)OP(=O)(O)OC[C@H]3O[C@@H](n4cnc5c(N)ncnc54)[C@H](OP(=O)(O)O)[C@@H]3O)[C@@H](O)[C@H]2O)c1.O.O=C1CC(=O)C(O)(CCc2ccccc2O)O1,NC(=O)C1=CN([C@@H]2O[C@H](COP(=O)(O)OP(=O)(O)OC[C@H]3O[C@@H](n4cnc5c(N)ncnc54)[C@H](OP(=O)(O)O)[C@@H]3O)[C@@H](O)[C@H]2O)C=CC1.O=C1CC(=O)C(O)(CCc2ccccc2)O1.O=O >> NC(=O)c1ccc[n+]([C@@H]2O[C@H](COP(=O)(O)OP(=O)(O)OC[C@H]3O[C@@H](n4cnc5c(N)ncnc54)[C@H](OP(=O)(O)O)[C@@H]3O)[C@@H](O)[C@H]2O)c1.O.O=C1CC(=O)C(O)(CCc2ccccc2O)O1,rule0004_10,No_Thermo,Enzymatic
O=C(O)CC(=O)C(O)=CCc1ccccc1.O=O,O.O=C=O.O=CC(=O)C(O)=CCc1ccccc1,O=C(O)CC(=O)C(O)=CCc1ccccc1.O=O >> O.O=C=O.O=CC(=O)C(O)=CCc1ccccc1,rule0352_2,No_Thermo,Enzymatic
O=C(O)CC(=O)C(O)=CCc1ccccc1,O=CC(O)=CC(CC(=O)O)c1ccccc1,O=C(O)CC(=O)C(O)=CCc1ccccc1 >> O=CC(O)=CC(CC(=O)O)c1ccccc1,rule0028_46,No_Thermo,Enzymatic
NC(=O)C1=CN([C@@H]2O[C@H](COP(=O)(O)OP(=O)(O)OC[C@H]3O[C@@H](n4cnc5c(N)ncnc54)[C@H](OP(=O)(O)O)[C@@H]3O)[C@@H](O)[C@H]2O)C=CC1.O=C(O)CC(=O)C(O)=CCc1ccccc1.O=O,NC(=O)c1ccc[n+]([C@@H]2O[C@H](COP(=O)(O)OP(=O)(O)OC[C@H]3O[C@@H](n4cnc5c(N)ncnc54)[C@H](OP(=O)(O)O)[C@@H]3O)[C@@H](O)[C@H]2O)c1.O.O=C(O)CC(=O)OC(O)=CCc1ccccc1,NC(=O)C1=CN([C@@H]2O[C@H](COP(=O)(O)OP(=O)(O)OC[C@H]3O[C@@H](n4cnc5c(N)ncnc54)[C@H](OP(=O)(O)O)[C@@H]3O)[C@@H](O)[C@H]2O)C=CC1.O=C(O)CC(=O)C(O)=CCc1ccccc1.O=O >> NC(=O)c1ccc[n+]([C@@H]2O[C@H](COP(=O)(O)OP(=O)(O)OC[C@H]3O[C@@H](n4cnc5c(N)ncnc54)[C@H](OP(=O)(O)O)[C@@H]3O)[C@@H](O)[C@H]2O)c1.O.O=C(O)CC(=O)OC(O)=CCc1ccccc1,rule0083_11,No_Thermo,Enzymatic
O=C1CC(=O)C2(O1)OC2Cc1ccccc1.OO,O.O=C1CC(=O)C2(O1)OC2Cc1ccccc1O,O=C1CC(=O)C2(O1)OC2Cc1ccccc1.OO >> O.O=C1CC(=O)C2(O1)OC2Cc1ccccc1O,rule1165_2,No_Thermo,Enzymatic
NC(=O)C1=CN([C@@H]2O[C@H](COP(=O)(O)OP(=O)(O)OC[C@H]3O[C@@H](n4cnc5c(N)ncnc54)[C@H](OP(=O)(O)O)[C@@H]3O)[C@@H](O)[C@H]2O)C=CC1.O=C1CC(O)C(=CC(O)c2ccccc2)O1.O=O,NC(=O)c1ccc[n+]([C@@H]2O[C@H](COP(=O)(O)OP(=O)(O)OC[C@H]3O[C@@H](n4cnc5c(N)ncnc54)[C@H](OP(=O)(O)O)[C@@H]3O)[C@@H](O)[C@H]2O)c1.O.O=C1CC(O)C(=CC(O)C2=CC=CC3OC23)O1,NC(=O)C1=CN([C@@H]2O[C@H](COP(=O)(O)OP(=O)(O)OC[C@H]3O[C@@H](n4cnc5c(N)ncnc54)[C@H](OP(=O)(O)O)[C@@H]3O)[C@@H](O)[C@H]2O)C=CC1.O=C1CC(O)C(=CC(O)c2ccccc2)O1.O=O >> NC(=O)c1ccc[n+]([C@@H]2O[C@H](COP(=O)(O)OP(=O)(O)OC[C@H]3O[C@@H](n4cnc5c(N)ncnc54)[C@H](OP(=O)(O)O)[C@@H]3O)[C@@H](O)[C@H]2O)c1.O.O=C1CC(O)C(=CC(O)C2=CC=CC3OC23)O1,rule0951_1,No_Thermo,Enzymatic
O=C1CC(=O)C(=CCc2cccc(O)c2)O1.OO,O.O=C1CC(=O)C(=CCc2cccc(O)c2O)O1,O=C1CC(=O)C(=CCc2cccc(O)c2)O1.OO >> O.O=C1CC(=O)C(=CCc2cccc(O)c2O)O1,rule1165_2,No_Thermo,Enzymatic
NC(=O)C1=CN([C@@H]2O[C@H](COP(=O)(O)OP(=O)(O)OC[C@H]3O[C@@H](n4cnc5c(N)ncnc54)[C@H](OP(=O)(O)O)[C@@H]3O)[C@@H](O)[C@H]2O)C=CC1.O=C1CC(O)C(=CC(O)c2ccccc2)O1.O=O,NC(=O)c1ccc[n+]([C@@H]2O[C@H](COP(=O)(O)OP(=O)(O)OC[C@H]3O[C@@H](n4cnc5c(N)ncnc54)[C@H](OP(=O)(O)O)[C@@H]3O)[C@@H](O)[C@H]2O)c1.O.O=C1CC(O)C(=CC(O)c2cccc(O)c2)O1,NC(=O)C1=CN([C@@H]2O[C@H](COP(=O)(O)OP(=O)(O)OC[C@H]3O[C@@H](n4cnc5c(N)ncnc54)[C@H](OP(=O)(O)O)[C@@H]3O)[C@@H](O)[C@H]2O)C=CC1.O=C1CC(O)C(=CC(O)c2ccccc2)O1.O=O >> NC(=O)c1ccc[n+]([C@@H]2O[C@H](COP(=O)(O)OP(=O)(O)OC[C@H]3O[C@@H](n4cnc5c(N)ncnc54)[C@H](OP(=O)(O)O)[C@@H]3O)[C@@H](O)[C@H]2O)c1.O.O=C1CC(O)C(=CC(O)c2cccc(O)c2)O1,rule0004_09,No_Thermo,Enzymatic
O.O=C1CC(=O)C(=CCC23C=CC=CC2O3)O1,O=C1CC(=O)C(=CCC2(O)C=CC=CC2O)O1,O.O=C1CC(=O)C(=CCC23C=CC=CC2O3)O1 >> O=C1CC(=O)C(=CCC2(O)C=CC=CC2O)O1,rule0035_8,No_Thermo,Enzymatic
O=C(O)CC(=O)C(O)=CCc1ccccc1.OO,O=C(O)CC(=O)C(O)CCc1ccccc1.O=O,O=C(O)CC(=O)C(O)=CCc1ccccc1.OO >> O=C(O)CC(=O)C(O)CCc1ccccc1.O=O,rule0114_4,No_Thermo,Enzymatic
N.O=C(O)CC(=O)C(O)=CCc1ccccc1.OO,NC(CC(=O)O)C(O)=CCc1ccccc1.O.O=O,N.O=C(O)CC(=O)C(O)=CCc1ccccc1.OO >> NC(CC(=O)O)C(O)=CCc1ccccc1.O.O=O,rule0091_14,No_Thermo,Enzymatic
O.O=C1CC(=O)C(=CCc2ccc(O)cc2)O1,O=C(O)CC(=O)C(O)=CCc1ccc(O)cc1,O.O=C1CC(=O)C(=CCc2ccc(O)cc2)O1 >> O=C(O)CC(=O)C(O)=CCc1ccc(O)cc1,rule0035_7,No_Thermo,Enzymatic
O.O=C(O)CC(=O)C(O)=CCc1ccccc1,CC=C(O)C(=O)CC(=O)O.Oc1ccccc1,O.O=C(O)CC(=O)C(O)=CCc1ccccc1 >> CC=C(O)C(=O)CC(=O)O.Oc1ccccc1,rule0085_1,No_Thermo,Enzymatic
NC(=O)C1=CN([C@@H]2O[C@H](COP(=O)(O)OP(=O)(O)OC[C@H]3O[C@@H](n4cnc5c(N)ncnc54)[C@H](OP(=O)(O)O)[C@@H]3O)[C@@H](O)[C@H]2O)C=CC1.O=C(O)CC(=O)C(O)=CCc1ccccc1,NC(=O)c1ccc[n+]([C@@H]2O[C@H](COP(=O)(O)OP(=O)(O)OC[C@H]3O[C@@H](n4cnc5c(N)ncnc54)[C@H](OP(=O)(O)O)[C@@H]3O)[C@@H](O)[C@H]2O)c1.O.O=C(O)CC(=O)C=CCc1ccccc1,NC(=O)C1=CN([C@@H]2O[C@H](COP(=O)(O)OP(=O)(O)OC[C@H]3O[C@@H](n4cnc5c(N)ncnc54)[C@H](OP(=O)(O)O)[C@@H]3O)[C@@H](O)[C@H]2O)C=CC1.O=C(O)CC(=O)C(O)=CCc1ccccc1 >> NC(=O)c1ccc[n+]([C@@H]2O[C@H](COP(=O)(O)OP(=O)(O)OC[C@H]3O[C@@H](n4cnc5c(N)ncnc54)[C@H](OP(=O)(O)O)[C@@H]3O)[C@@H](O)[C@H]2O)c1.O.O=C(O)CC(=O)C=CCc1ccccc1,rule0025_39,No_Thermo,Enzymatic
NC(=O)C1=CN([C@@H]2O[C@H](COP(=O)(O)OP(=O)(O)OC[C@H]3O[C@@H](n4cnc5c(N)ncnc54)[C@H](OP(=O)(O)O)[C@@H]3O)[C@@H](O)[C@H]2O)C=CC1.O=C(O)CC(=O)C(O)=CCc1ccccc1.O=O,NC(=O)c1ccc[n+]([C@@H]2O[C@H](COP(=O)(O)OP(=O)(O)OC[C@H]3O[C@@H](n4cnc5c(N)ncnc54)[C@H](OP(=O)(O)O)[C@@H]3O)[C@@H](O)[C@H]2O)c1.O.O=C(O)COC(=O)C(O)=CCc1ccccc1,NC(=O)C1=CN([C@@H]2O[C@H](COP(=O)(O)OP(=O)(O)OC[C@H]3O[C@@H](n4cnc5c(N)ncnc54)[C@H](OP(=O)(O)O)[C@@H]3O)[C@@H](O)[C@H]2O)C=CC1.O=C(O)CC(=O)C(O)=CCc1ccccc1.O=O >> NC(=O)c1ccc[n+]([C@@H]2O[C@H](COP(=O)(O)OP(=O)(O)OC[C@H]3O[C@@H](n4cnc5c(N)ncnc54)[C@H](OP(=O)(O)O)[C@@H]3O)[C@@H](O)[C@H]2O)c1.O.O=C(O)COC(=O)C(O)=CCc1ccccc1,rule0083_11,No_Thermo,Enzymatic
O.O=C1CC(=O)C(=CCC23C=CC=CC2O3)O1,O=C1CC(O)OC1=C(O)CC12C=CC=CC1O2,O.O=C1CC(=O)C(=CCC23C=CC=CC2O3)O1 >> O=C1CC(O)OC1=C(O)CC12C=CC=CC1O2,rule0070_6,No_Thermo,Enzymatic
O.O=C1CC(=O)C(O)(CCc2ccccc2)O1,O=C1CC(O)C(O)(CC(O)c2ccccc2)O1,O.O=C1CC(=O)C(O)(CCc2ccccc2)O1 >> O=C1CC(O)C(O)(CC(O)c2ccccc2)O1,rule0070_6,No_Thermo,Enzymatic
O=C1CC(=O)C(=CCC2(O)C=CC=CC2O)O1,CC1(O)C=CC=C(C=C2OC(=O)CC2=O)C1O,O=C1CC(=O)C(=CCC2(O)C=CC=CC2O)O1 >> CC1(O)C=CC=C(C=C2OC(=O)CC2=O)C1O,rule0028_51,No_Thermo,Enzymatic
O=C1CC(=O)C(=CCc2ccccc2)O1.OO,O.O=C1CC(=O)C(=CCc2ccc(O)cc2)O1,O=C1CC(=O)C(=CCc2ccccc2)O1.OO >> O.O=C1CC(=O)C(=CCc2ccc(O)cc2)O1,rule1165_2,No_Thermo,Enzymatic
O=C1CC(O)C(=CC(O)c2ccccc2)O1,O.O=C1CC(=O)C(=CCc2ccccc2)O1,O=C1CC(O)C(=CC(O)c2ccccc2)O1 >> O.O=C1CC(=O)C(=CCc2ccccc2)O1,rule0071_5,No_Thermo,Enzymatic
O=C1CC(=O)C(=CCC2=CC3OC3C=C2)O1,CC1=CC2OC2C(C=C2OC(=O)CC2=O)=C1,O=C1CC(=O)C(=CCC2=CC3OC3C=C2)O1 >> CC1=CC2OC2C(C=C2OC(=O)CC2=O)=C1,rule0028_51,No_Thermo,Enzymatic
O=C1CC(=O)C(O)(CCc2ccccc2)O1.OO,O.O=C1CC(=O)C(O)(CCc2cccc(O)c2)O1,O=C1CC(=O)C(O)(CCc2ccccc2)O1.OO >> O.O=C1CC(=O)C(O)(CCc2cccc(O)c2)O1,rule1165_2,No_Thermo,Enzymatic
O=C(O)CC(=O)C(O)=CCc1ccccc1,CC(=O)C(O)=CCc1ccccc1.O=C=O,O=C(O)CC(=O)C(O)=CCc1ccccc1 >> CC(=O)C(O)=CCc1ccccc1.O=C=O,rule0024_44,No_Thermo,Enzymatic
NC(=O)C1=CN([C@@H]2O[C@H](COP(=O)(O)OP(=O)(O)OC[C@H]3O[C@@H](n4cnc5c(N)ncnc54)[C@H](OP(=O)(O)O)[C@@H]3O)[C@@H](O)[C@H]2O)C=CC1.O=C(O)CC(=O)C(O)=CCc1ccccc1.O=O,NC(=O)c1ccc[n+]([C@@H]2O[C@H](COP(=O)(O)OP(=O)(O)OC[C@H]3O[C@@H](n4cnc5c(N)ncnc54)[C@H](OP(=O)(O)O)[C@@H]3O)[C@@H](O)[C@H]2O)c1.O.O=C(O)CC(=O)C(O)=CCc1ccc(O)cc1,NC(=O)C1=CN([C@@H]2O[C@H](COP(=O)(O)OP(=O)(O)OC[C@H]3O[C@@H](n4cnc5c(N)ncnc54)[C@H](OP(=O)(O)O)[C@@H]3O)[C@@H](O)[C@H]2O)C=CC1.O=C(O)CC(=O)C(O)=CCc1ccccc1.O=O >> NC(=O)c1ccc[n+]([C@@H]2O[C@H](COP(=O)(O)OP(=O)(O)OC[C@H]3O[C@@H](n4cnc5c(N)ncnc54)[C@H](OP(=O)(O)O)[C@@H]3O)[C@@H](O)[C@H]2O)c1.O.O=C(O)CC(=O)C(O)=CCc1ccc(O)cc1,rule0004_10,No_Thermo,Enzymatic
CC(C)=CCOP(=O)(O)OP(=O)(O)O.Oc1ccccc1,CC(C)=CCc1cccc(O)c1.O=P(O)(O)OP(=O)(O)O,CC(C)=CCOP(=O)(O)OP(=O)(O)O.Oc1ccccc1 >> CC(C)=CCc1cccc(O)c1.O=P(O)(O)OP(=O)(O)O,rule0110_5,No_Thermo,Enzymatic
O=C1CC(=O)C(=CCc2ccc(O)cc2)O1.OO,O.O=C1CC(=O)C(=CCc2ccc(O)c(O)c2)O1,O=C1CC(=O)C(=CCc2ccc(O)cc2)O1.OO >> O.O=C1CC(=O)C(=CCc2ccc(O)c(O)c2)O1,rule1165_2,No_Thermo,Enzymatic
O=C(O)CC(=O)C(O)=CCc1ccccc1.OO,O=C(O)CC(O)C(O)=CCc1ccccc1.O=O,O=C(O)CC(=O)C(O)=CCc1ccccc1.OO >> O=C(O)CC(O)C(O)=CCc1ccccc1.O=O,rule0078_13,No_Thermo,Enzymatic
O=C(O)CC(=O)C(O)=CCc1ccccc1,O=C(O)CC(O)C1=CCc2cccc(c2)O1,O=C(O)CC(=O)C(O)=CCc1ccccc1 >> O=C(O)CC(O)C1=CCc2cccc(c2)O1,rule0169_1,No_Thermo,Enzymatic
NC(=O)C1=CN([C@@H]2O[C@H](COP(=O)(O)OP(=O)(O)OC[C@H]3O[C@@H](n4cnc5c(N)ncnc54)[C@H](OP(=O)(O)O)[C@@H]3O)[C@@H](O)[C@H]2O)C=CC1.NC(=O)C1=CN([C@@H]2O[C@H](COP(=O)(O)OP(=O)(O)OC[C@H]3O[C@@H](n4cnc5c(N)ncnc54)[C@H](OP(=O)(O)O)[C@@H]3O)[C@@H](O)[C@H]2O)C=CC1.O=C(O)CC(=O)C(O)=CCc1ccccc1,NC(=O)c1ccc[n+]([C@@H]2O[C@H](COP(=O)(O)OP(=O)(O)OC[C@H]3O[C@@H](n4cnc5c(N)ncnc54)[C@H](OP(=O)(O)O)[C@@H]3O)[C@@H](O)[C@H]2O)c1.NC(=O)c1ccc[n+]([C@@H]2O[C@H](COP(=O)(O)OP(=O)(O)OC[C@H]3O[C@@H](n4cnc5c(N)ncnc54)[C@H](OP(=O)(O)O)[C@@H]3O)[C@@H](O)[C@H]2O)c1.O.O=C(CCO)C(O)=CCc1ccccc1,NC(=O)C1=CN([C@@H]2O[C@H](COP(=O)(O)OP(=O)(O)OC[C@H]3O[C@@H](n4cnc5c(N)ncnc54)[C@H](OP(=O)(O)O)[C@@H]3O)[C@@H](O)[C@H]2O)C=CC1.NC(=O)C1=CN([C@@H]2O[C@H](COP(=O)(O)OP(=O)(O)OC[C@H]3O[C@@H](n4cnc5c(N)ncnc54)[C@H](OP(=O)(O)O)[C@@H]3O)[C@@H](O)[C@H]2O)C=CC1.O=C(O)CC(=O)C(O)=CCc1ccccc1 >> NC(=O)c1ccc[n+]([C@@H]2O[C@H](COP(=O)(O)OP(=O)(O)OC[C@H]3O[C@@H](n4cnc5c(N)ncnc54)[C@H](OP(=O)(O)O)[C@@H]3O)[C@@H](O)[C@H]2O)c1.NC(=O)c1ccc[n+]([C@@H]2O[C@H](COP(=O)(O)OP(=O)(O)OC[C@H]3O[C@@H](n4cnc5c(N)ncnc54)[C@H](OP(=O)(O)O)[C@@H]3O)[C@@H](O)[C@H]2O)c1.O.O=C(CCO)C(O)=CCc1ccccc1,rule0164_2,No_Thermo,Enzymatic
NC(=O)C1=CN([C@@H]2O[C@H](COP(=O)(O)OP(=O)(O)OC[C@H]3O[C@@H](n4cnc5c(N)ncnc54)[C@H](OP(=O)(O)O)[C@@H]3O)[C@@H](O)[C@H]2O)C=CC1.O=C1CC(=O)C(=CC(O)c2ccccc2)O1.O=O,NC(=O)c1ccc[n+]([C@@H]2O[C@H](COP(=O)(O)OP(=O)(O)OC[C@H]3O[C@@H](n4cnc5c(N)ncnc54)[C@H](OP(=O)(O)O)[C@@H]3O)[C@@H](O)[C@H]2O)c1.O.O=C1CC(=O)C(=CC(O)C2=CC3OC3C=C2)O1,NC(=O)C1=CN([C@@H]2O[C@H](COP(=O)(O)OP(=O)(O)OC[C@H]3O[C@@H](n4cnc5c(N)ncnc54)[C@H](OP(=O)(O)O)[C@@H]3O)[C@@H](O)[C@H]2O)C=CC1.O=C1CC(=O)C(=CC(O)c2ccccc2)O1.O=O >> NC(=O)c1ccc[n+]([C@@H]2O[C@H](COP(=O)(O)OP(=O)(O)OC[C@H]3O[C@@H](n4cnc5c(N)ncnc54)[C@H](OP(=O)(O)O)[C@@H]3O)[C@@H](O)[C@H]2O)c1.O.O=C1CC(=O)C(=CC(O)C2=CC3OC3C=C2)O1,rule0951_1,No_Thermo,Enzymatic
NC(=O)C1=CN([C@@H]2O[C@H](COP(=O)(O)OP(=O)(O)OC[C@H]3O[C@@H](n4cnc5c(N)ncnc54)[C@H](OP(=O)(O)O)[C@@H]3O)[C@@H](O)[C@H]2O)C=CC1.O=C1CC(=O)C(=CCC2=CC3OC3C=C2)O1.O=O,NC(=O)c1ccc[n+]([C@@H]2O[C@H](COP(=O)(O)OP(=O)(O)OC[C@H]3O[C@@H](n4cnc5c(N)ncnc54)[C@H](OP(=O)(O)O)[C@@H]3O)[C@@H](O)[C@H]2O)c1.O.O=C1CC(=O)C(=CC(O)C2=CC3OC3C=C2)O1,NC(=O)C1=CN([C@@H]2O[C@H](COP(=O)(O)OP(=O)(O)OC[C@H]3O[C@@H](n4cnc5c(N)ncnc54)[C@H](OP(=O)(O)O)[C@@H]3O)[C@@H](O)[C@H]2O)C=CC1.O=C1CC(=O)C(=CCC2=CC3OC3C=C2)O1.O=O >> NC(=O)c1ccc[n+]([C@@H]2O[C@H](COP(=O)(O)OP(=O)(O)OC[C@H]3O[C@@H](n4cnc5c(N)ncnc54)[C@H](OP(=O)(O)O)[C@@H]3O)[C@@H](O)[C@H]2O)c1.O.O=C1CC(=O)C(=CC(O)C2=CC3OC3C=C2)O1,rule0004_13,No_Thermo,Enzymatic
O=C(O)CC(=O)C(O)=CCc1ccccc1,Cc1cccc(C=C(O)C(=O)CC(=O)O)c1,O=C(O)CC(=O)C(O)=CCc1ccccc1 >> Cc1cccc(C=C(O)C(=O)CC(=O)O)c1,rule0028_51,No_Thermo,Enzymatic
O.O=C1CC(=O)C(=CCc2cccc(O)c2)O1,O=C1CC(O)C(=C(O)Cc2cccc(O)c2)O1,O.O=C1CC(=O)C(=CCc2cccc(O)c2)O1 >> O=C1CC(O)C(=C(O)Cc2cccc(O)c2)O1,rule0070_6,No_Thermo,Enzymatic
O=C(O)CC(=O)C(O)=CCc1ccccc1,O=C(CC(O)O)C1=CC(c2ccccc2)O1,O=C(O)CC(=O)C(O)=CCc1ccccc1 >> O=C(CC(O)O)C1=CC(c2ccccc2)O1,rule0169_1,No_Thermo,Enzymatic
NC(=O)C1=CN([C@@H]2O[C@H](COP(=O)(O)OP(=O)(O)OC[C@H]3O[C@@H](n4cnc5c(N)ncnc54)[C@H](OP(=O)(O)O)[C@@H]3O)[C@@H](O)[C@H]2O)C=CC1.O=C1CC(=O)C(=CCc2cccc(O)c2)O1.O=O,NC(=O)c1ccc[n+]([C@@H]2O[C@H](COP(=O)(O)OP(=O)(O)OC[C@H]3O[C@@H](n4cnc5c(N)ncnc54)[C@H](OP(=O)(O)O)[C@@H]3O)[C@@H](O)[C@H]2O)c1.O.O=C1CC(=O)C(=CCc2cccc(O)c2O)O1,NC(=O)C1=CN([C@@H]2O[C@H](COP(=O)(O)OP(=O)(O)OC[C@H]3O[C@@H](n4cnc5c(N)ncnc54)[C@H](OP(=O)(O)O)[C@@H]3O)[C@@H](O)[C@H]2O)C=CC1.O=C1CC(=O)C(=CCc2cccc(O)c2)O1.O=O >> NC(=O)c1ccc[n+]([C@@H]2O[C@H](COP(=O)(O)OP(=O)(O)OC[C@H]3O[C@@H](n4cnc5c(N)ncnc54)[C@H](OP(=O)(O)O)[C@@H]3O)[C@@H](O)[C@H]2O)c1.O.O=C1CC(=O)C(=CCc2cccc(O)c2O)O1,rule0004_10,No_Thermo,Enzymatic
O.O=C1CC(O)OC1=C(O)Cc1ccccc1,CC(O)=C1OC(O)CC1=O.Oc1ccccc1,O.O=C1CC(O)OC1=C(O)Cc1ccccc1 >> CC(O)=C1OC(O)CC1=O.Oc1ccccc1,rule0085_1,No_Thermo,Enzymatic
O.O=C1CC(=O)C(=CCc2ccc(O)cc2)O1,O=C1CC(O)C(=C(O)Cc2ccc(O)cc2)O1,O.O=C1CC(=O)C(=CCc2ccc(O)cc2)O1 >> O=C1CC(O)C(=C(O)Cc2ccc(O)cc2)O1,rule0070_6,No_Thermo,Enzymatic
Cl.O=C1CC(O)OC1=CC(O)c1ccccc1,O.O=C1CC(O)OC1=CC(Cl)c1ccccc1,Cl.O=C1CC(O)OC1=CC(O)c1ccccc1 >> O.O=C1CC(O)OC1=CC(Cl)c1ccccc1,rule0183_6,No_Thermo,Enzymatic
Cc1cccc(C=C2OC(=O)CC2=O)c1.NC(=O)C1=CN([C@@H]2O[C@H](COP(=O)(O)OP(=O)(O)OC[C@H]3O[C@@H](n4cnc5c(N)ncnc54)[C@H](OP(=O)(O)O)[C@@H]3O)[C@@H](O)[C@H]2O)C=CC1.O=O,CC1=CC2(C=C3OC(=O)CC3=O)OC2C=C1.NC(=O)c1ccc[n+]([C@@H]2O[C@H](COP(=O)(O)OP(=O)(O)OC[C@H]3O[C@@H](n4cnc5c(N)ncnc54)[C@H](OP(=O)(O)O)[C@@H]3O)[C@@H](O)[C@H]2O)c1.O,Cc1cccc(C=C2OC(=O)CC2=O)c1.NC(=O)C1=CN([C@@H]2O[C@H](COP(=O)(O)OP(=O)(O)OC[C@H]3O[C@@H](n4cnc5c(N)ncnc54)[C@H](OP(=O)(O)O)[C@@H]3O)[C@@H](O)[C@H]2O)C=CC1.O=O >> CC1=CC2(C=C3OC(=O)CC3=O)OC2C=C1.NC(=O)c1ccc[n+]([C@@H]2O[C@H](COP(=O)(O)OP(=O)(O)OC[C@H]3O[C@@H](n4cnc5c(N)ncnc54)[C@H](OP(=O)(O)O)[C@@H]3O)[C@@H](O)[C@H]2O)c1.O,rule0951_1,No_Thermo,Enzymatic
O=C1CC(=O)C(=CCC2(O)C=CC=CC2O)O1,CC1(O)C=CC=CC1(O)C=C1OC(=O)CC1=O,O=C1CC(=O)C(=CCC2(O)C=CC=CC2O)O1 >> CC1(O)C=CC=CC1(O)C=C1OC(=O)CC1=O,rule0028_51,No_Thermo,Enzymatic
O=C(O)CC(=O)C(O)=CCc1ccccc1,O=C(O)CC(=O)c1ccc(CC=CO)cc1,O=C(O)CC(=O)C(O)=CCc1ccccc1 >> O=C(O)CC(=O)c1ccc(CC=CO)cc1,rule0028_47,No_Thermo,Enzymatic
NC(=O)C1=CN([C@@H]2O[C@H](COP(=O)(O)OP(=O)(O)OC[C@H]3O[C@@H](n4cnc5c(N)ncnc54)[C@H](OP(=O)(O)O)[C@@H]3O)[C@@H](O)[C@H]2O)C=CC1.O=C(O)CC(=O)C(O)=CCc1ccccc1.O=O,NC(=O)c1ccc[n+]([C@@H]2O[C@H](COP(=O)(O)OP(=O)(O)OC[C@H]3O[C@@H](n4cnc5c(N)ncnc54)[C@H](OP(=O)(O)O)[C@@H]3O)[C@@H](O)[C@H]2O)c1.O.O=C(O)CC(=O)C(O)=CC(O)c1ccccc1,NC(=O)C1=CN([C@@H]2O[C@H](COP(=O)(O)OP(=O)(O)OC[C@H]3O[C@@H](n4cnc5c(N)ncnc54)[C@H](OP(=O)(O)O)[C@@H]3O)[C@@H](O)[C@H]2O)C=CC1.O=C(O)CC(=O)C(O)=CCc1ccccc1.O=O >> NC(=O)c1ccc[n+]([C@@H]2O[C@H](COP(=O)(O)OP(=O)(O)OC[C@H]3O[C@@H](n4cnc5c(N)ncnc54)[C@H](OP(=O)(O)O)[C@@H]3O)[C@@H](O)[C@H]2O)c1.O.O=C(O)CC(=O)C(O)=CC(O)c1ccccc1,rule0004_13,No_Thermo,Enzymatic
O=C1CC(=O)C(=CCC2=CC(O)C(O)C=C2)O1,O=C1CC(=O)C(=CCC2=CC=CC(O)C2O)O1,O=C1CC(=O)C(=CCC2=CC(O)C(O)C=C2)O1 >> O=C1CC(=O)C(=CCC2=CC=CC(O)C2O)O1,rule0028_51,No_Thermo,Enzymatic
O=C1CC(=O)C(=CCC23C=CC=CC2O3)O1,CC12C=C(C=C3OC(=O)CC3=O)C=CC1O2,O=C1CC(=O)C(=CCC23C=CC=CC2O3)O1 >> CC12C=C(C=C3OC(=O)CC3=O)C=CC1O2,rule0028_51,No_Thermo,Enzymatic
O=C1CC(=O)C(=CCC2(O)C=CC=CC2O)O1,O=C1CC(=O)C(=CCC2=CC(O)C(O)C=C2)O1,O=C1CC(=O)C(=CCC2(O)C=CC=CC2O)O1 >> O=C1CC(=O)C(=CCC2=CC(O)C(O)C=C2)O1,rule0028_51,No_Thermo,Enzymatic
O=C1CC(=O)C(=CCC2=CC3OC3C=C2)O1,CC1=C(C=C2OC(=O)CC2=O)C2OC2C=C1,O=C1CC(=O)C(=CCC2=CC3OC3C=C2)O1 >> CC1=C(C=C2OC(=O)CC2=O)C2OC2C=C1,rule0028_51,No_Thermo,Enzymatic
CC(C)=CCOP(=O)(O)OP(=O)(O)O.Oc1ccccc1,CC(C)=CCc1ccccc1O.O=P(O)(O)OP(=O)(O)O,CC(C)=CCOP(=O)(O)OP(=O)(O)O.Oc1ccccc1 >> CC(C)=CCc1ccccc1O.O=P(O)(O)OP(=O)(O)O,rule0110_5,No_Thermo,Enzymatic
O=C1CC(=O)C(O)(CCc2ccccc2)O1,Cc1cccc(CC2(O)OC(=O)CC2=O)c1,O=C1CC(=O)C(O)(CCc2ccccc2)O1 >> Cc1cccc(CC2(O)OC(=O)CC2=O)c1,rule0028_51,No_Thermo,Enzymatic
NC(=O)C1=CN([C@@H]2O[C@H](COP(=O)(O)OP(=O)(O)OC[C@H]3O[C@@H](n4cnc5c(N)ncnc54)[C@H](OP(=O)(O)O)[C@@H]3O)[C@@H](O)[C@H]2O)C=CC1.O=C1CC(O)OC1=C(O)Cc1ccccc1.O=O,NC(=O)c1ccc[n+]([C@@H]2O[C@H](COP(=O)(O)OP(=O)(O)OC[C@H]3O[C@@H](n4cnc5c(N)ncnc54)[C@H](OP(=O)(O)O)[C@@H]3O)[C@@H](O)[C@H]2O)c1.O.O=C1CC(O)OC1=C(O)Cc1cccc(O)c1,NC(=O)C1=CN([C@@H]2O[C@H](COP(=O)(O)OP(=O)(O)OC[C@H]3O[C@@H](n4cnc5c(N)ncnc54)[C@H](OP(=O)(O)O)[C@@H]3O)[C@@H](O)[C@H]2O)C=CC1.O=C1CC(O)OC1=C(O)Cc1ccccc1.O=O >> NC(=O)c1ccc[n+]([C@@H]2O[C@H](COP(=O)(O)OP(=O)(O)OC[C@H]3O[C@@H](n4cnc5c(N)ncnc54)[C@H](OP(=O)(O)O)[C@@H]3O)[C@@H](O)[C@H]2O)c1.O.O=C1CC(O)OC1=C(O)Cc1cccc(O)c1,rule0004_09,No_Thermo,Enzymatic
NC(=O)C1=CN([C@@H]2O[C@H](COP(=O)(O)OP(=O)(O)OC[C@H]3O[C@@H](n4cnc5c(N)ncnc54)[C@H](OP(=O)(O)O)[C@@H]3O)[C@@H](O)[C@H]2O)C=CC1.O=C(O)CC(=O)C(O)=CCc1ccccc1.O=O,NC(=O)c1ccc[n+]([C@@H]2O[C@H](COP(=O)(O)OP(=O)(O)OC[C@H]3O[C@@H](n4cnc5c(N)ncnc54)[C@H](OP(=O)(O)O)[C@@H]3O)[C@@H](O)[C@H]2O)c1.O.O=C(O)CC(=O)C(O)=CCc1cccc(O)c1,NC(=O)C1=CN([C@@H]2O[C@H](COP(=O)(O)OP(=O)(O)OC[C@H]3O[C@@H](n4cnc5c(N)ncnc54)[C@H](OP(=O)(O)O)[C@@H]3O)[C@@H](O)[C@H]2O)C=CC1.O=C(O)CC(=O)C(O)=CCc1ccccc1.O=O >> NC(=O)c1ccc[n+]([C@@H]2O[C@H](COP(=O)(O)OP(=O)(O)OC[C@H]3O[C@@H](n4cnc5c(N)ncnc54)[C@H](OP(=O)(O)O)[C@@H]3O)[C@@H](O)[C@H]2O)c1.O.O=C(O)CC(=O)C(O)=CCc1cccc(O)c1,rule0004_09,No_Thermo,Enzymatic
NC(=O)C1=CN([C@@H]2O[C@H](COP(=O)(O)OP(=O)(O)OC[C@H]3O[C@@H](n4cnc5c(N)ncnc54)[C@H](OP(=O)(O)O)[C@@H]3O)[C@@H](O)[C@H]2O)C=CC1.O=C1CC(=O)C(=C(O)Cc2ccccc2)O1.O=O,NC(=O)c1ccc[n+]([C@@H]2O[C@H](COP(=O)(O)OP(=O)(O)OC[C@H]3O[C@@H](n4cnc5c(N)ncnc54)[C@H](OP(=O)(O)O)[C@@H]3O)[C@@H](O)[C@H]2O)c1.O.O=C1CC(=O)C(=C(O)Cc2cccc(O)c2)O1,NC(=O)C1=CN([C@@H]2O[C@H](COP(=O)(O)OP(=O)(O)OC[C@H]3O[C@@H](n4cnc5c(N)ncnc54)[C@H](OP(=O)(O)O)[C@@H]3O)[C@@H](O)[C@H]2O)C=CC1.O=C1CC(=O)C(=C(O)Cc2ccccc2)O1.O=O >> NC(=O)c1ccc[n+]([C@@H]2O[C@H](COP(=O)(O)OP(=O)(O)OC[C@H]3O[C@@H](n4cnc5c(N)ncnc54)[C@H](OP(=O)(O)O)[C@@H]3O)[C@@H](O)[C@H]2O)c1.O.O=C1CC(=O)C(=C(O)Cc2cccc(O)c2)O1,rule0004_09,No_Thermo,Enzymatic
O.O=C1CC(=O)C(=CCc2ccc(O)cc2)O1,O=C1CC(O)OC1=C(O)Cc1ccc(O)cc1,O.O=C1CC(=O)C(=CCc2ccc(O)cc2)O1 >> O=C1CC(O)OC1=C(O)Cc1ccc(O)cc1,rule0070_6,No_Thermo,Enzymatic
O=C1CC(O)OC1=C(O)Cc1ccccc1.OO,O.O=C1CC(O)OC1=C(O)C(O)c1ccccc1,O=C1CC(O)OC1=C(O)Cc1ccccc1.OO >> O.O=C1CC(O)OC1=C(O)C(O)c1ccccc1,rule1165_1,No_Thermo,Enzymatic
O.O=C(O)CC(=O)C(O)=CCc1ccccc1,O=C(O)C(O)C(O)C(O)=CCc1ccccc1,O.O=C(O)CC(=O)C(O)=CCc1ccccc1 >> O=C(O)C(O)C(O)C(O)=CCc1ccccc1,rule0070_6,No_Thermo,Enzymatic
O=C1CC(=O)C(=CCC2=CC=CC3OC23)O1,CC1=CC(C=C2OC(=O)CC2=O)=CC2OC12,O=C1CC(=O)C(=CCC2=CC=CC3OC23)O1 >> CC1=CC(C=C2OC(=O)CC2=O)=CC2OC12,rule0028_51,No_Thermo,Enzymatic
O.O=C1CC(O)C(=C(O)Cc2ccccc2)O1,CC(O)=C1OC(=O)CC1O.Oc1ccccc1,O.O=C1CC(O)C(=C(O)Cc2ccccc2)O1 >> CC(O)=C1OC(=O)CC1O.Oc1ccccc1,rule0085_1,No_Thermo,Enzymatic
NC(=O)C1=CN([C@@H]2O[C@H](COP(=O)(O)OP(=O)(O)OC[C@H]3O[C@@H](n4cnc5c(N)ncnc54)[C@H](OP(=O)(O)O)[C@@H]3O)[C@@H](O)[C@H]2O)C=CC1.O=C1CC(O)C(=CC(O)c2ccccc2)O1.O=O,NC(=O)c1ccc[n+]([C@@H]2O[C@H](COP(=O)(O)OP(=O)(O)OC[C@H]3O[C@@H](n4cnc5c(N)ncnc54)[C@H](OP(=O)(O)O)[C@@H]3O)[C@@H](O)[C@H]2O)c1.O.O=C1CC(O)C(=CC(O)C23C=CC=CC2O3)O1,NC(=O)C1=CN([C@@H]2O[C@H](COP(=O)(O)OP(=O)(O)OC[C@H]3O[C@@H](n4cnc5c(N)ncnc54)[C@H](OP(=O)(O)O)[C@@H]3O)[C@@H](O)[C@H]2O)C=CC1.O=C1CC(O)C(=CC(O)c2ccccc2)O1.O=O >> NC(=O)c1ccc[n+]([C@@H]2O[C@H](COP(=O)(O)OP(=O)(O)OC[C@H]3O[C@@H](n4cnc5c(N)ncnc54)[C@H](OP(=O)(O)O)[C@@H]3O)[C@@H](O)[C@H]2O)c1.O.O=C1CC(O)C(=CC(O)C23C=CC=CC2O3)O1,rule0951_1,No_Thermo,Enzymatic
O.O=C1CC(=O)C(=CC(O)c2ccccc2)O1,O=C1CC(=O)C(=CCc2ccccc2)O1.OO,O.O=C1CC(=O)C(=CC(O)c2ccccc2)O1 >> O=C1CC(=O)C(=CCc2ccccc2)O1.OO,rule1164_1,No_Thermo,Enzymatic
NC(=O)C1=CN([C@@H]2O[C@H](COP(=O)(O)OP(=O)(O)OC[C@H]3O[C@@H](n4cnc5c(N)ncnc54)[C@H](OP(=O)(O)O)[C@@H]3O)[C@@H](O)[C@H]2O)C=CC1.O=C1CC(=O)C(=CCC23C=CC=CC2O3)O1.O=O,NC(=O)c1ccc[n+]([C@@H]2O[C@H](COP(=O)(O)OP(=O)(O)OC[C@H]3O[C@@H](n4cnc5c(N)ncnc54)[C@H](OP(=O)(O)O)[C@@H]3O)[C@@H](O)[C@H]2O)c1.O.O=C1CC(=O)C(=CC(O)C23C=CC=CC2O3)O1,NC(=O)C1=CN([C@@H]2O[C@H](COP(=O)(O)OP(=O)(O)OC[C@H]3O[C@@H](n4cnc5c(N)ncnc54)[C@H](OP(=O)(O)O)[C@@H]3O)[C@@H](O)[C@H]2O)C=CC1.O=C1CC(=O)C(=CCC23C=CC=CC2O3)O1.O=O >> NC(=O)c1ccc[n+]([C@@H]2O[C@H](COP(=O)(O)OP(=O)(O)OC[C@H]3O[C@@H](n4cnc5c(N)ncnc54)[C@H](OP(=O)(O)O)[C@@H]3O)[C@@H](O)[C@H]2O)c1.O.O=C1CC(=O)C(=CC(O)C23C=CC=CC2O3)O1,rule0004_13,No_Thermo,Enzymatic
O=C(O)CC(=O)C(O)=CCc1ccccc1.OO,O.O=C(O)CC(=O)C(O)=CC(O)c1ccccc1,O=C(O)CC(=O)C(O)=CCc1ccccc1.OO >> O.O=C(O)CC(=O)C(O)=CC(O)c1ccccc1,rule1165_1,No_Thermo,Enzymatic
O.O=C1CC(=O)C(O)(CCc2ccccc2)O1,O=C1CC(O)C(O)(C(O)Cc2ccccc2)O1,O.O=C1CC(=O)C(O)(CCc2ccccc2)O1 >> O=C1CC(O)C(O)(C(O)Cc2ccccc2)O1,rule0070_6,No_Thermo,Enzymatic
Cl.O=C1CC(=O)C(=CC(O)c2ccccc2)O1,O.O=C1CC(=O)C(=CC(Cl)c2ccccc2)O1,Cl.O=C1CC(=O)C(=CC(O)c2ccccc2)O1 >> O.O=C1CC(=O)C(=CC(Cl)c2ccccc2)O1,rule0183_6,No_Thermo,Enzymatic
O=C(O)CC(=O)C(O)=CCc1ccccc1,O=C1CC(O)(C(O)=CCc2ccccc2)O1,O=C(O)CC(=O)C(O)=CCc1ccccc1 >> O=C1CC(O)(C(O)=CCc2ccccc2)O1,rule0063_1,No_Thermo,Enzymatic
O=C1CC(=O)C(=CCC2=CC3OC3C=C2)O1,O=C1CC(=O)C(=CCC23C=CC=CC2O3)O1,O=C1CC(=O)C(=CCC2=CC3OC3C=C2)O1 >> O=C1CC(=O)C(=CCC23C=CC=CC2O3)O1,rule0028_51,No_Thermo,Enzymatic
O.O=C1CC(=O)C(=CCC2=CC=CC3OC23)O1,O=C1CC(O)OC1=CC(O)C1=CC=CC2OC12,O.O=C1CC(=O)C(=CCC2=CC=CC3OC23)O1 >> O=C1CC(O)OC1=CC(O)C1=CC=CC2OC12,rule0070_6,No_Thermo,Enzymatic
O.O=C1CC(=O)C2(O1)OC2Cc1ccccc1,O=C(O)CC(=O)C1(O)OC1Cc1ccccc1,O.O=C1CC(=O)C2(O1)OC2Cc1ccccc1 >> O=C(O)CC(=O)C1(O)OC1Cc1ccccc1,rule0035_7,No_Thermo,Enzymatic
Cc1cccc(C=C2OC(=O)CC2=O)c1.O,Cc1cccc(C(O)C2OC(=O)CC2=O)c1,Cc1cccc(C=C2OC(=O)CC2=O)c1.O >> Cc1cccc(C(O)C2OC(=O)CC2=O)c1,rule0020_15,No_Thermo,Enzymatic
O=C1CC(=O)C(=CCC23C=CC=CC2O3)O1,C=C1OC(=O)C(CC23C=CC=CC2O3)C1=O,O=C1CC(=O)C(=CCC23C=CC=CC2O3)O1 >> C=C1OC(=O)C(CC23C=CC=CC2O3)C1=O,rule0028_51,No_Thermo,Enzymatic
O=C1CC(O)OC1=C(O)Cc1ccccc1.OO,O.O=C1CC(O)OC1=C(O)Cc1ccc(O)cc1,O=C1CC(O)OC1=C(O)Cc1ccccc1.OO >> O.O=C1CC(O)OC1=C(O)Cc1ccc(O)cc1,rule1165_2,No_Thermo,Enzymatic
Cc1cccc(C=C2OC(=O)CC2=O)c1.NC(=O)C1=CN([C@@H]2O[C@H](COP(=O)(O)OP(=O)(O)OC[C@H]3O[C@@H](n4cnc5c(N)ncnc54)[C@H](OP(=O)(O)O)[C@@H]3O)[C@@H](O)[C@H]2O)C=CC1.O=O,CC1=CC(O)C(O)C(C=C2OC(=O)CC2=O)=C1.NC(=O)c1ccc[n+]([C@@H]2O[C@H](COP(=O)(O)OP(=O)(O)OC[C@H]3O[C@@H](n4cnc5c(N)ncnc54)[C@H](OP(=O)(O)O)[C@@H]3O)[C@@H](O)[C@H]2O)c1,Cc1cccc(C=C2OC(=O)CC2=O)c1.NC(=O)C1=CN([C@@H]2O[C@H](COP(=O)(O)OP(=O)(O)OC[C@H]3O[C@@H](n4cnc5c(N)ncnc54)[C@H](OP(=O)(O)O)[C@@H]3O)[C@@H](O)[C@H]2O)C=CC1.O=O >> CC1=CC(O)C(O)C(C=C2OC(=O)CC2=O)=C1.NC(=O)c1ccc[n+]([C@@H]2O[C@H](COP(=O)(O)OP(=O)(O)OC[C@H]3O[C@@H](n4cnc5c(N)ncnc54)[C@H](OP(=O)(O)O)[C@@H]3O)[C@@H](O)[C@H]2O)c1,rule0094_1,No_Thermo,Enzymatic
Cc1cccc(C=C2OC(=O)CC2=O)c1.O,C.O=C1CC(=O)C(=Cc2cccc(O)c2)O1,Cc1cccc(C=C2OC(=O)CC2=O)c1.O >> C.O=C1CC(=O)C(=Cc2cccc(O)c2)O1,rule0085_1,No_Thermo,Enzymatic
NC(=O)C1=CN([C@@H]2O[C@H](COP(=O)(O)OP(=O)(O)OC[C@H]3O[C@@H](n4cnc5c(N)ncnc54)[C@H](OP(=O)(O)O)[C@@H]3O)[C@@H](O)[C@H]2O)C=CC1.O=C1CC(=O)C(=CCc2ccccc2O)O1.O=O,NC(=O)c1ccc[n+]([C@@H]2O[C@H](COP(=O)(O)OP(=O)(O)OC[C@H]3O[C@@H](n4cnc5c(N)ncnc54)[C@H](OP(=O)(O)O)[C@@H]3O)[C@@H](O)[C@H]2O)c1.O.O=C1CC(=O)C(=CCC23OC2C=CC=C3O)O1,NC(=O)C1=CN([C@@H]2O[C@H](COP(=O)(O)OP(=O)(O)OC[C@H]3O[C@@H](n4cnc5c(N)ncnc54)[C@H](OP(=O)(O)O)[C@@H]3O)[C@@H](O)[C@H]2O)C=CC1.O=C1CC(=O)C(=CCc2ccccc2O)O1.O=O >> NC(=O)c1ccc[n+]([C@@H]2O[C@H](COP(=O)(O)OP(=O)(O)OC[C@H]3O[C@@H](n4cnc5c(N)ncnc54)[C@H](OP(=O)(O)O)[C@@H]3O)[C@@H](O)[C@H]2O)c1.O.O=C1CC(=O)C(=CCC23OC2C=CC=C3O)O1,rule0951_1,No_Thermo,Enzymatic
NC(=O)C1=CN([C@@H]2O[C@H](COP(=O)(O)OP(=O)(O)OC[C@H]3O[C@@H](n4cnc5c(N)ncnc54)[C@H](OP(=O)(O)O)[C@@H]3O)[C@@H](O)[C@H]2O)C=CC1.O=C1CC(=O)C(=C(O)Cc2ccccc2)O1.O=O,NC(=O)c1ccc[n+]([C@@H]2O[C@H](COP(=O)(O)OP(=O)(O)OC[C@H]3O[C@@H](n4cnc5c(N)ncnc54)[C@H](OP(=O)(O)O)[C@@H]3O)[C@@H](O)[C@H]2O)c1.O.O=C1CC(=O)C(=C(O)C(O)c2ccccc2)O1,NC(=O)C1=CN([C@@H]2O[C@H](COP(=O)(O)OP(=O)(O)OC[C@H]3O[C@@H](n4cnc5c(N)ncnc54)[C@H](OP(=O)(O)O)[C@@H]3O)[C@@H](O)[C@H]2O)C=CC1.O=C1CC(=O)C(=C(O)Cc2ccccc2)O1.O=O >> NC(=O)c1ccc[n+]([C@@H]2O[C@H](COP(=O)(O)OP(=O)(O)OC[C@H]3O[C@@H](n4cnc5c(N)ncnc54)[C@H](OP(=O)(O)O)[C@@H]3O)[C@@H](O)[C@H]2O)c1.O.O=C1CC(=O)C(=C(O)C(O)c2ccccc2)O1,rule0004_13,No_Thermo,Enzymatic
O.O=C(O)CC(=O)C(O)=CCc1ccccc1,O=C(O)CC(=O)C(O)C(O)Cc1ccccc1,O.O=C(O)CC(=O)C(O)=CCc1ccccc1 >> O=C(O)CC(=O)C(O)C(O)Cc1ccccc1,rule0020_19,No_Thermo,Enzymatic
O=C1CC(=O)C(=CCC2=CC(O)C(O)C=C2)O1,CC1=CC(O)C(O)C(C=C2OC(=O)CC2=O)=C1,O=C1CC(=O)C(=CCC2=CC(O)C(O)C=C2)O1 >> CC1=CC(O)C(O)C(C=C2OC(=O)CC2=O)=C1,rule0028_51,No_Thermo,Enzymatic
O=C1CC(=O)C(=CCc2cccc(O)c2)O1.OO,O.O=C1CC(=O)C(=CC(O)c2cccc(O)c2)O1,O=C1CC(=O)C(=CCc2cccc(O)c2)O1.OO >> O.O=C1CC(=O)C(=CC(O)c2cccc(O)c2)O1,rule1165_1,No_Thermo,Enzymatic
O.O=C1CC(=O)C(=CCC2=CC=CC3OC23)O1,O=C1CC(=O)C(=CCC2=CC=CC(O)C2O)O1,O.O=C1CC(=O)C(=CCC2=CC=CC3OC23)O1 >> O=C1CC(=O)C(=CCC2=CC=CC(O)C2O)O1,rule0035_8,No_Thermo,Enzymatic
NC(=O)C1=CN([C@@H]2O[C@H](COP(=O)(O)OP(=O)(O)OC[C@H]3O[C@@H](n4cnc5c(N)ncnc54)[C@H](OP(=O)(O)O)[C@@H]3O)[C@@H](O)[C@H]2O)C=CC1.O=C1CC(=O)C(=CCc2ccc(O)cc2)O1.O=O,NC(=O)c1ccc[n+]([C@@H]2O[C@H](COP(=O)(O)OP(=O)(O)OC[C@H]3O[C@@H](n4cnc5c(N)ncnc54)[C@H](OP(=O)(O)O)[C@@H]3O)[C@@H](O)[C@H]2O)c1.O.O=C1CC(=O)C(=C(O)Cc2ccc(O)cc2)O1,NC(=O)C1=CN([C@@H]2O[C@H](COP(=O)(O)OP(=O)(O)OC[C@H]3O[C@@H](n4cnc5c(N)ncnc54)[C@H](OP(=O)(O)O)[C@@H]3O)[C@@H](O)[C@H]2O)C=CC1.O=C1CC(=O)C(=CCc2ccc(O)cc2)O1.O=O >> NC(=O)c1ccc[n+]([C@@H]2O[C@H](COP(=O)(O)OP(=O)(O)OC[C@H]3O[C@@H](n4cnc5c(N)ncnc54)[C@H](OP(=O)(O)O)[C@@H]3O)[C@@H](O)[C@H]2O)c1.O.O=C1CC(=O)C(=C(O)Cc2ccc(O)cc2)O1,rule0004_13,No_Thermo,Enzymatic
NC(=O)C1=CN([C@@H]2O[C@H](COP(=O)(O)OP(=O)(O)OC[C@H]3O[C@@H](n4cnc5c(N)ncnc54)[C@H](OP(=O)(O)O)[C@@H]3O)[C@@H](O)[C@H]2O)C=CC1.O=C1CC(O)C(=CC(O)c2ccccc2)O1.O=O,NC(=O)c1ccc[n+]([C@@H]2O[C@H](COP(=O)(O)OP(=O)(O)OC[C@H]3O[C@@H](n4cnc5c(N)ncnc54)[C@H](OP(=O)(O)O)[C@@H]3O)[C@@H](O)[C@H]2O)c1.O.O=C1CC(O)C2(O1)OC2C(O)c1ccccc1,NC(=O)C1=CN([C@@H]2O[C@H](COP(=O)(O)OP(=O)(O)OC[C@H]3O[C@@H](n4cnc5c(N)ncnc54)[C@H](OP(=O)(O)O)[C@@H]3O)[C@@H](O)[C@H]2O)C=CC1.O=C1CC(O)C(=CC(O)c2ccccc2)O1.O=O >> NC(=O)c1ccc[n+]([C@@H]2O[C@H](COP(=O)(O)OP(=O)(O)OC[C@H]3O[C@@H](n4cnc5c(N)ncnc54)[C@H](OP(=O)(O)O)[C@@H]3O)[C@@H](O)[C@H]2O)c1.O.O=C1CC(O)C2(O1)OC2C(O)c1ccccc1,rule0077_4,No_Thermo,Enzymatic
NC(=O)C1=CN([C@@H]2O[C@H](COP(=O)(O)OP(=O)(O)OC[C@H]3O[C@@H](n4cnc5c(N)ncnc54)[C@H](OP(=O)(O)O)[C@@H]3O)[C@@H](O)[C@H]2O)C=CC1.O=C1CC(=O)C(=CCc2cccc(O)c2)O1.O=O,NC(=O)c1ccc[n+]([C@@H]2O[C@H](COP(=O)(O)OP(=O)(O)OC[C@H]3O[C@@H](n4cnc5c(N)ncnc54)[C@H](OP(=O)(O)O)[C@@H]3O)[C@@H](O)[C@H]2O)c1.O.O=C1CC(=O)C(=C(O)Cc2cccc(O)c2)O1,NC(=O)C1=CN([C@@H]2O[C@H](COP(=O)(O)OP(=O)(O)OC[C@H]3O[C@@H](n4cnc5c(N)ncnc54)[C@H](OP(=O)(O)O)[C@@H]3O)[C@@H](O)[C@H]2O)C=CC1.O=C1CC(=O)C(=CCc2cccc(O)c2)O1.O=O >> NC(=O)c1ccc[n+]([C@@H]2O[C@H](COP(=O)(O)OP(=O)(O)OC[C@H]3O[C@@H](n4cnc5c(N)ncnc54)[C@H](OP(=O)(O)O)[C@@H]3O)[C@@H](O)[C@H]2O)c1.O.O=C1CC(=O)C(=C(O)Cc2cccc(O)c2)O1,rule0004_13,No_Thermo,Enzymatic
O.O=C1CC(=O)C(=CCC23C=CC=CC2O3)O1,O=C1CC(O)OC1=CC(O)C12C=CC=CC1O2,O.O=C1CC(=O)C(=CCC23C=CC=CC2O3)O1 >> O=C1CC(O)OC1=CC(O)C12C=CC=CC1O2,rule0070_6,No_Thermo,Enzymatic
Cl.O=C1CC(=O)C(=C(O)Cc2ccccc2)O1,O.O=C1CC(=O)C(=C(Cl)Cc2ccccc2)O1,Cl.O=C1CC(=O)C(=C(O)Cc2ccccc2)O1 >> O.O=C1CC(=O)C(=C(Cl)Cc2ccccc2)O1,rule0183_6,No_Thermo,Enzymatic
CC=C1OC(=O)CC1=O.O=C=O,O=C(O)CC=C1OC(=O)CC1=O,CC=C1OC(=O)CC1=O.O=C=O >> O=C(O)CC=C1OC(=O)CC1=O,rule0023_20,No_Thermo,Enzymatic
O=C1CC(=O)C(=CCC2=CC=CC3OC23)O1,C=C1OC(=O)C(CC2=CC=CC3OC23)C1=O,O=C1CC(=O)C(=CCC2=CC=CC3OC23)O1 >> C=C1OC(=O)C(CC2=CC=CC3OC23)C1=O,rule0028_51,No_Thermo,Enzymatic
O=C(O)CC(=O)C(O)=CCc1ccccc1,O=C1CC(O)Oc2cccc(c2)CC=C1O,O=C(O)CC(=O)C(O)=CCc1ccccc1 >> O=C1CC(O)Oc2cccc(c2)CC=C1O,rule0169_1,No_Thermo,Enzymatic
NC(=O)C1=CN([C@@H]2O[C@H](COP(=O)(O)OP(=O)(O)OC[C@H]3O[C@@H](n4cnc5c(N)ncnc54)[C@H](OP(=O)(O)O)[C@@H]3O)[C@@H](O)[C@H]2O)C=CC1.O=C1CC(=O)C(O)(CCc2ccccc2)O1.O=O,NC(=O)c1ccc[n+]([C@@H]2O[C@H](COP(=O)(O)OP(=O)(O)OC[C@H]3O[C@@H](n4cnc5c(N)ncnc54)[C@H](OP(=O)(O)O)[C@@H]3O)[C@@H](O)[C@H]2O)c1.O.O=C1CC(=O)C(O)(CCC2=CC=CC3OC23)O1,NC(=O)C1=CN([C@@H]2O[C@H](COP(=O)(O)OP(=O)(O)OC[C@H]3O[C@@H](n4cnc5c(N)ncnc54)[C@H](OP(=O)(O)O)[C@@H]3O)[C@@H](O)[C@H]2O)C=CC1.O=C1CC(=O)C(O)(CCc2ccccc2)O1.O=O >> NC(=O)c1ccc[n+]([C@@H]2O[C@H](COP(=O)(O)OP(=O)(O)OC[C@H]3O[C@@H](n4cnc5c(N)ncnc54)[C@H](OP(=O)(O)O)[C@@H]3O)[C@@H](O)[C@H]2O)c1.O.O=C1CC(=O)C(O)(CCC2=CC=CC3OC23)O1,rule0951_1,No_Thermo,Enzymatic
O=C1CC(=O)C(=CCc2ccc(O)cc2)O1.OO,O.O=C1CC(=O)C(=CCc2ccc(O)cc2O)O1,O=C1CC(=O)C(=CCc2ccc(O)cc2)O1.OO >> O.O=C1CC(=O)C(=CCc2ccc(O)cc2O)O1,rule1165_2,No_Thermo,Enzymatic
O=C(O)CC(=O)C(O)=CCc1ccccc1,O=C(O)CC(O)C1=CCc2ccc(cc2)O1,O=C(O)CC(=O)C(O)=CCc1ccccc1 >> O=C(O)CC(O)C1=CCc2ccc(cc2)O1,rule0169_1,No_Thermo,Enzymatic
NC(=O)C1=CN([C@@H]2O[C@H](COP(=O)(O)OP(=O)(O)OC[C@H]3O[C@@H](n4cnc5c(N)ncnc54)[C@H](OP(=O)(O)O)[C@@H]3O)[C@@H](O)[C@H]2O)C=CC1.O=C1CC(=O)C(=CC(O)c2ccccc2)O1.O=O,NC(=O)c1ccc[n+]([C@@H]2O[C@H](COP(=O)(O)OP(=O)(O)OC[C@H]3O[C@@H](n4cnc5c(N)ncnc54)[C@H](OP(=O)(O)O)[C@@H]3O)[C@@H](O)[C@H]2O)c1.O.O=C1CC(=O)C(=CC(O)c2ccc(O)cc2)O1,NC(=O)C1=CN([C@@H]2O[C@H](COP(=O)(O)OP(=O)(O)OC[C@H]3O[C@@H](n4cnc5c(N)ncnc54)[C@H](OP(=O)(O)O)[C@@H]3O)[C@@H](O)[C@H]2O)C=CC1.O=C1CC(=O)C(=CC(O)c2ccccc2)O1.O=O >> NC(=O)c1ccc[n+]([C@@H]2O[C@H](COP(=O)(O)OP(=O)(O)OC[C@H]3O[C@@H](n4cnc5c(N)ncnc54)[C@H](OP(=O)(O)O)[C@@H]3O)[C@@H](O)[C@H]2O)c1.O.O=C1CC(=O)C(=CC(O)c2ccc(O)cc2)O1,rule0004_10,No_Thermo,Enzymatic
NC(=O)C1=CN([C@@H]2O[C@H](COP(=O)(O)OP(=O)(O)OC[C@H]3O[C@@H](n4cnc5c(N)ncnc54)[C@H](OP(=O)(O)O)[C@@H]3O)[C@@H](O)[C@H]2O)C=CC1.O=C1CC(O)OC1=CC(O)c1ccccc1.O=O,NC(=O)c1ccc[n+]([C@@H]2O[C@H](COP(=O)(O)OP(=O)(O)OC[C@H]3O[C@@H](n4cnc5c(N)ncnc54)[C@H](OP(=O)(O)O)[C@@H]3O)[C@@H](O)[C@H]2O)c1.O.O=C1CC(O)OC1=C(O)C(O)c1ccccc1,NC(=O)C1=CN([C@@H]2O[C@H](COP(=O)(O)OP(=O)(O)OC[C@H]3O[C@@H](n4cnc5c(N)ncnc54)[C@H](OP(=O)(O)O)[C@@H]3O)[C@@H](O)[C@H]2O)C=CC1.O=C1CC(O)OC1=CC(O)c1ccccc1.O=O >> NC(=O)c1ccc[n+]([C@@H]2O[C@H](COP(=O)(O)OP(=O)(O)OC[C@H]3O[C@@H](n4cnc5c(N)ncnc54)[C@H](OP(=O)(O)O)[C@@H]3O)[C@@H](O)[C@H]2O)c1.O.O=C1CC(O)OC1=C(O)C(O)c1ccccc1,rule0004_13,No_Thermo,Enzymatic
Cl.O=C1CC(O)C(=CC(O)c2ccccc2)O1,O.O=C1CC(O)C(=CC(Cl)c2ccccc2)O1,Cl.O=C1CC(O)C(=CC(O)c2ccccc2)O1 >> O.O=C1CC(O)C(=CC(Cl)c2ccccc2)O1,rule0183_6,No_Thermo,Enzymatic
O.O=C1CC(=O)C(=CCc2ccccc2)O1,O=C1CC(O)OC1=C(O)Cc1ccccc1,O.O=C1CC(=O)C(=CCc2ccccc2)O1 >> O=C1CC(O)OC1=C(O)Cc1ccccc1,rule0070_6,No_Thermo,Enzymatic
NC(=O)C1=CN([C@@H]2O[C@H](COP(=O)(O)OP(=O)(O)OC[C@H]3O[C@@H](n4cnc5c(N)ncnc54)[C@H](OP(=O)(O)O)[C@@H]3O)[C@@H](O)[C@H]2O)C=CC1.O=C1CC(=O)C(=CC(O)c2ccccc2)O1.O=O,NC(=O)c1ccc[n+]([C@@H]2O[C@H](COP(=O)(O)OP(=O)(O)OC[C@H]3O[C@@H](n4cnc5c(N)ncnc54)[C@H](OP(=O)(O)O)[C@@H]3O)[C@@H](O)[C@H]2O)c1.O.O=C1CC(=O)C(=CC(O)c2ccccc2O)O1,NC(=O)C1=CN([C@@H]2O[C@H](COP(=O)(O)OP(=O)(O)OC[C@H]3O[C@@H](n4cnc5c(N)ncnc54)[C@H](OP(=O)(O)O)[C@@H]3O)[C@@H](O)[C@H]2O)C=CC1.O=C1CC(=O)C(=CC(O)c2ccccc2)O1.O=O >> NC(=O)c1ccc[n+]([C@@H]2O[C@H](COP(=O)(O)OP(=O)(O)OC[C@H]3O[C@@H](n4cnc5c(N)ncnc54)[C@H](OP(=O)(O)O)[C@@H]3O)[C@@H](O)[C@H]2O)c1.O.O=C1CC(=O)C(=CC(O)c2ccccc2O)O1,rule0004_10,No_Thermo,Enzymatic
Cc1cccc(C=C2OC(=O)CC2=O)c1.NC(=O)C1=CN([C@@H]2O[C@H](COP(=O)(O)OP(=O)(O)OC[C@H]3O[C@@H](n4cnc5c(N)ncnc54)[C@H](OP(=O)(O)O)[C@@H]3O)[C@@H](O)[C@H]2O)C=CC1.O=O,Cc1cc(C=C2OC(=O)CC2=O)ccc1O.NC(=O)c1ccc[n+]([C@@H]2O[C@H](COP(=O)(O)OP(=O)(O)OC[C@H]3O[C@@H](n4cnc5c(N)ncnc54)[C@H](OP(=O)(O)O)[C@@H]3O)[C@@H](O)[C@H]2O)c1.O,Cc1cccc(C=C2OC(=O)CC2=O)c1.NC(=O)C1=CN([C@@H]2O[C@H](COP(=O)(O)OP(=O)(O)OC[C@H]3O[C@@H](n4cnc5c(N)ncnc54)[C@H](OP(=O)(O)O)[C@@H]3O)[C@@H](O)[C@H]2O)C=CC1.O=O >> Cc1cc(C=C2OC(=O)CC2=O)ccc1O.NC(=O)c1ccc[n+]([C@@H]2O[C@H](COP(=O)(O)OP(=O)(O)OC[C@H]3O[C@@H](n4cnc5c(N)ncnc54)[C@H](OP(=O)(O)O)[C@@H]3O)[C@@H](O)[C@H]2O)c1.O,rule0004_10,No_Thermo,Enzymatic
N.NC(=O)C1=CN([C@@H]2O[C@H](COP(=O)(O)OP(=O)(O)OC[C@H]3O[C@@H](n4cnc5c(N)ncnc54)[C@H](OP(=O)(O)O)[C@@H]3O)[C@@H](O)[C@H]2O)C=CC1.O=C(O)CC(=O)C(O)=CCc1ccccc1,NC(=O)c1ccc[n+]([C@@H]2O[C@H](COP(=O)(O)OP(=O)(O)OC[C@H]3O[C@@H](n4cnc5c(N)ncnc54)[C@H](OP(=O)(O)O)[C@@H]3O)[C@@H](O)[C@H]2O)c1.NC(CC(=O)O)C(O)=CCc1ccccc1.O,N.NC(=O)C1=CN([C@@H]2O[C@H](COP(=O)(O)OP(=O)(O)OC[C@H]3O[C@@H](n4cnc5c(N)ncnc54)[C@H](OP(=O)(O)O)[C@@H]3O)[C@@H](O)[C@H]2O)C=CC1.O=C(O)CC(=O)C(O)=CCc1ccccc1 >> NC(=O)c1ccc[n+]([C@@H]2O[C@H](COP(=O)(O)OP(=O)(O)OC[C@H]3O[C@@H](n4cnc5c(N)ncnc54)[C@H](OP(=O)(O)O)[C@@H]3O)[C@@H](O)[C@H]2O)c1.NC(CC(=O)O)C(O)=CCc1ccccc1.O,rule0166_2,No_Thermo,Enzymatic
O=C1CC(O)C(=C(O)Cc2ccccc2)O1,O.O=C1CC(=O)C(=CCc2ccccc2)O1,O=C1CC(O)C(=C(O)Cc2ccccc2)O1 >> O.O=C1CC(=O)C(=CCc2ccccc2)O1,rule0071_5,No_Thermo,Enzymatic
N.O=C(O)CC(=O)C(O)=CCc1ccccc1,NC(Cc1ccccc1)C(O)C(=O)CC(=O)O,N.O=C(O)CC(=O)C(O)=CCc1ccccc1 >> NC(Cc1ccccc1)C(O)C(=O)CC(=O)O,rule0257_1,No_Thermo,Enzymatic
O=C(O)CC(=O)C(O)=CCc1ccccc1,O=CC(O)=C(CC(=O)O)Cc1ccccc1,O=C(O)CC(=O)C(O)=CCc1ccccc1 >> O=CC(O)=C(CC(=O)O)Cc1ccccc1,rule0028_46,No_Thermo,Enzymatic
CC=C1OC(=O)CC1=O,C=C1OC(=O)C(C)C1=O,CC=C1OC(=O)CC1=O >> C=C1OC(=O)C(C)C1=O,rule0028_51,No_Thermo,Enzymatic
O.O=C1CC(=O)C(=CCc2cccc(O)c2)O1,O=C1CC(O)OC1=CC(O)c1cccc(O)c1,O.O=C1CC(=O)C(=CCc2cccc(O)c2)O1 >> O=C1CC(O)OC1=CC(O)c1cccc(O)c1,rule0070_6,No_Thermo,Enzymatic
NC(=O)C1=CN([C@@H]2O[C@H](COP(=O)(O)OP(=O)(O)OC[C@H]3O[C@@H](n4cnc5c(N)ncnc54)[C@H](OP(=O)(O)O)[C@@H]3O)[C@@H](O)[C@H]2O)C=CC1.O=C1CC(=O)C(=CCC2=CC3OC3C=C2)O1.O=O,NC(=O)c1ccc[n+]([C@@H]2O[C@H](COP(=O)(O)OP(=O)(O)OC[C@H]3O[C@@H](n4cnc5c(N)ncnc54)[C@H](OP(=O)(O)O)[C@@H]3O)[C@@H](O)[C@H]2O)c1.O.O=C1CC(=O)C2(O1)OC2CC1=CC2OC2C=C1,NC(=O)C1=CN([C@@H]2O[C@H](COP(=O)(O)OP(=O)(O)OC[C@H]3O[C@@H](n4cnc5c(N)ncnc54)[C@H](OP(=O)(O)O)[C@@H]3O)[C@@H](O)[C@H]2O)C=CC1.O=C1CC(=O)C(=CCC2=CC3OC3C=C2)O1.O=O >> NC(=O)c1ccc[n+]([C@@H]2O[C@H](COP(=O)(O)OP(=O)(O)OC[C@H]3O[C@@H](n4cnc5c(N)ncnc54)[C@H](OP(=O)(O)O)[C@@H]3O)[C@@H](O)[C@H]2O)c1.O.O=C1CC(=O)C2(O1)OC2CC1=CC2OC2C=C1,rule0077_4,No_Thermo,Enzymatic
O.O=C1CC(=O)C(=CC(O)c2ccccc2)O1,O=C1CC(=O)C(=CCO)O1.Oc1ccccc1,O.O=C1CC(=O)C(=CC(O)c2ccccc2)O1 >> O=C1CC(=O)C(=CCO)O1.Oc1ccccc1,rule0085_1,No_Thermo,Enzymatic
OO.Oc1ccccc1,O.Oc1ccccc1O,OO.Oc1ccccc1 >> O.Oc1ccccc1O,rule1165_2,No_Thermo,Enzymatic
O=C(O)CC(=O)C(O)=CCc1ccccc1,O=C(O)C1OC(=CCc2ccccc2)C1O,O=C(O)CC(=O)C(O)=CCc1ccccc1 >> O=C(O)C1OC(=CCc2ccccc2)C1O,rule0169_1,No_Thermo,Enzymatic
O.O=C(O)CC(=O)C(O)=CCc1ccccc1,CC(=O)O.O=C(O)C(O)=CCc1ccccc1,O.O=C(O)CC(=O)C(O)=CCc1ccccc1 >> CC(=O)O.O=C(O)C(O)=CCc1ccccc1,rule0085_2,No_Thermo,Enzymatic
O.O=C1CC(=O)C(=CCc2ccc(O)cc2)O1,O=C1CC(O)C(=CC(O)c2ccc(O)cc2)O1,O.O=C1CC(=O)C(=CCc2ccc(O)cc2)O1 >> O=C1CC(O)C(=CC(O)c2ccc(O)cc2)O1,rule0070_6,No_Thermo,Enzymatic
O=C(O)CC(=O)C(O)=CCc1ccccc1,O=C1CC(O)OC(Cc2ccccc2)=C1O,O=C(O)CC(=O)C(O)=CCc1ccccc1 >> O=C1CC(O)OC(Cc2ccccc2)=C1O,rule0169_1,No_Thermo,Enzymatic
O.O=C1CC(=O)C(=C(O)Cc2ccccc2)O1,CC(O)=C1OC(=O)CC1=O.Oc1ccccc1,O.O=C1CC(=O)C(=C(O)Cc2ccccc2)O1 >> CC(O)=C1OC(=O)CC1=O.Oc1ccccc1,rule0085_1,No_Thermo,Enzymatic
O=C(O)CC(=O)C(O)=CCc1ccccc1,O=C1CC(O)C(O)=CCc2cccc(c2)O1,O=C(O)CC(=O)C(O)=CCc1ccccc1 >> O=C1CC(O)C(O)=CCc2cccc(c2)O1,rule0169_1,No_Thermo,Enzymatic
NC(=O)C1=CN([C@@H]2O[C@H](COP(=O)(O)OP(=O)(O)OC[C@H]3O[C@@H](n4cnc5c(N)ncnc54)[C@H](OP(=O)(O)O)[C@@H]3O)[C@@H](O)[C@H]2O)C=CC1.O=C(O)CC(=O)C(O)=CCc1ccccc1,NC(=O)c1ccc[n+]([C@@H]2O[C@H](COP(=O)(O)OP(=O)(O)OC[C@H]3O[C@@H](n4cnc5c(N)ncnc54)[C@H](OP(=O)(O)O)[C@@H]3O)[C@@H](O)[C@H]2O)c1.O=C(O)CC(O)C(O)=CCc1ccccc1,NC(=O)C1=CN([C@@H]2O[C@H](COP(=O)(O)OP(=O)(O)OC[C@H]3O[C@@H](n4cnc5c(N)ncnc54)[C@H](OP(=O)(O)O)[C@@H]3O)[C@@H](O)[C@H]2O)C=CC1.O=C(O)CC(=O)C(O)=CCc1ccccc1 >> NC(=O)c1ccc[n+]([C@@H]2O[C@H](COP(=O)(O)OP(=O)(O)OC[C@H]3O[C@@H](n4cnc5c(N)ncnc54)[C@H](OP(=O)(O)O)[C@@H]3O)[C@@H](O)[C@H]2O)c1.O=C(O)CC(O)C(O)=CCc1ccccc1,rule0003_151,No_Thermo,Enzymatic
NC(=O)C1=CN([C@@H]2O[C@H](COP(=O)(O)OP(=O)(O)OC[C@H]3O[C@@H](n4cnc5c(N)ncnc54)[C@H](OP(=O)(O)O)[C@@H]3O)[C@@H](O)[C@H]2O)C=CC1.O=C1CC(=O)C(=CC(O)c2ccccc2)O1.O=O,NC(=O)c1ccc[n+]([C@@H]2O[C@H](COP(=O)(O)OP(=O)(O)OC[C@H]3O[C@@H](n4cnc5c(N)ncnc54)[C@H](OP(=O)(O)O)[C@@H]3O)[C@@H](O)[C@H]2O)c1.O.O=C1CC(=O)C(=CC(O)C23C=CC=CC2O3)O1,NC(=O)C1=CN([C@@H]2O[C@H](COP(=O)(O)OP(=O)(O)OC[C@H]3O[C@@H](n4cnc5c(N)ncnc54)[C@H](OP(=O)(O)O)[C@@H]3O)[C@@H](O)[C@H]2O)C=CC1.O=C1CC(=O)C(=CC(O)c2ccccc2)O1.O=O >> NC(=O)c1ccc[n+]([C@@H]2O[C@H](COP(=O)(O)OP(=O)(O)OC[C@H]3O[C@@H](n4cnc5c(N)ncnc54)[C@H](OP(=O)(O)O)[C@@H]3O)[C@@H](O)[C@H]2O)c1.O.O=C1CC(=O)C(=CC(O)C23C=CC=CC2O3)O1,rule0951_1,No_Thermo,Enzymatic
O=C1CC(=O)C(=CC(O)c2ccccc2)O1.OO,O.O=C1CC(=O)C(=CC(O)c2cccc(O)c2)O1,O=C1CC(=O)C(=CC(O)c2ccccc2)O1.OO >> O.O=C1CC(=O)C(=CC(O)c2cccc(O)c2)O1,rule1165_2,No_Thermo,Enzymatic
O.O=C1CC(=O)C(=CCC2=CC3OC3C=C2)O1,O=C1CC(O)OC1=CC(O)C1=CC2OC2C=C1,O.O=C1CC(=O)C(=CCC2=CC3OC3C=C2)O1 >> O=C1CC(O)OC1=CC(O)C1=CC2OC2C=C1,rule0070_6,No_Thermo,Enzymatic
O.O=C1CC(O)C(=CC(O)c2ccccc2)O1,O=C1CC(O)C(=CCc2ccccc2)O1.OO,O.O=C1CC(O)C(=CC(O)c2ccccc2)O1 >> O=C1CC(O)C(=CCc2ccccc2)O1.OO,rule1164_1,No_Thermo,Enzymatic
NC(=O)C1=CN([C@@H]2O[C@H](COP(=O)(O)OP(=O)(O)OC[C@H]3O[C@@H](n4cnc5c(N)ncnc54)[C@H](OP(=O)(O)O)[C@@H]3O)[C@@H](O)[C@H]2O)C=CC1.O=C1CC(=O)C(=CC(O)c2ccccc2)O1.O=O,NC(=O)c1ccc[n+]([C@@H]2O[C@H](COP(=O)(O)OP(=O)(O)OC[C@H]3O[C@@H](n4cnc5c(N)ncnc54)[C@H](OP(=O)(O)O)[C@@H]3O)[C@@H](O)[C@H]2O)c1.O.O=C1CC(=O)C(=CC(O)C2=CC=CC3OC23)O1,NC(=O)C1=CN([C@@H]2O[C@H](COP(=O)(O)OP(=O)(O)OC[C@H]3O[C@@H](n4cnc5c(N)ncnc54)[C@H](OP(=O)(O)O)[C@@H]3O)[C@@H](O)[C@H]2O)C=CC1.O=C1CC(=O)C(=CC(O)c2ccccc2)O1.O=O >> NC(=O)c1ccc[n+]([C@@H]2O[C@H](COP(=O)(O)OP(=O)(O)OC[C@H]3O[C@@H](n4cnc5c(N)ncnc54)[C@H](OP(=O)(O)O)[C@@H]3O)[C@@H](O)[C@H]2O)c1.O.O=C1CC(=O)C(=CC(O)C2=CC=CC3OC23)O1,rule0951_1,No_Thermo,Enzymatic
O.O=C1CC(=O)C(=CCc2ccccc2)O1,O=C1CC(O)C(=C(O)Cc2ccccc2)O1,O.O=C1CC(=O)C(=CCc2ccccc2)O1 >> O=C1CC(O)C(=C(O)Cc2ccccc2)O1,rule0070_6,No_Thermo,Enzymatic
O=C(O)CC(=O)C(O)=CCc1ccccc1,O=C1CC(O)C(O)=C(Cc2ccccc2)O1,O=C(O)CC(=O)C(O)=CCc1ccccc1 >> O=C1CC(O)C(O)=C(Cc2ccccc2)O1,rule0169_1,No_Thermo,Enzymatic
NC(=O)C1=CN([C@@H]2O[C@H](COP(=O)(O)OP(=O)(O)OC[C@H]3O[C@@H](n4cnc5c(N)ncnc54)[C@H](OP(=O)(O)O)[C@@H]3O)[C@@H](O)[C@H]2O)C=CC1.O=C1CC(O)OC1=C(O)Cc1ccccc1.O=O,NC(=O)c1ccc[n+]([C@@H]2O[C@H](COP(=O)(O)OP(=O)(O)OC[C@H]3O[C@@H](n4cnc5c(N)ncnc54)[C@H](OP(=O)(O)O)[C@@H]3O)[C@@H](O)[C@H]2O)c1.O.O=C1CC(O)OC1=C(O)CC12C=CC=CC1O2,NC(=O)C1=CN([C@@H]2O[C@H](COP(=O)(O)OP(=O)(O)OC[C@H]3O[C@@H](n4cnc5c(N)ncnc54)[C@H](OP(=O)(O)O)[C@@H]3O)[C@@H](O)[C@H]2O)C=CC1.O=C1CC(O)OC1=C(O)Cc1ccccc1.O=O >> NC(=O)c1ccc[n+]([C@@H]2O[C@H](COP(=O)(O)OP(=O)(O)OC[C@H]3O[C@@H](n4cnc5c(N)ncnc54)[C@H](OP(=O)(O)O)[C@@H]3O)[C@@H](O)[C@H]2O)c1.O.O=C1CC(O)OC1=C(O)CC12C=CC=CC1O2,rule0951_1,No_Thermo,Enzymatic
NC(=O)c1ccc[n+]([C@@H]2O[C@H](COP(=O)(O)OP(=O)(O)OC[C@H]3O[C@@H](n4cnc5c(N)ncnc54)[C@H](OP(=O)(O)O)[C@@H]3O)[C@@H](O)[C@H]2O)c1.O=C1CC(=O)C(=CCC2=CC(O)C(O)C=C2)O1,NC(=O)C1=CN([C@@H]2O[C@H](COP(=O)(O)OP(=O)(O)OC[C@H]3O[C@@H](n4cnc5c(N)ncnc54)[C@H](OP(=O)(O)O)[C@@H]3O)[C@@H](O)[C@H]2O)C=CC1.O=C1CC(=O)C(=CCc2ccc(O)c(O)c2)O1,NC(=O)c1ccc[n+]([C@@H]2O[C@H](COP(=O)(O)OP(=O)(O)OC[C@H]3O[C@@H](n4cnc5c(N)ncnc54)[C@H](OP(=O)(O)O)[C@@H]3O)[C@@H](O)[C@H]2O)c1.O=C1CC(=O)C(=CCC2=CC(O)C(O)C=C2)O1 >> NC(=O)C1=CN([C@@H]2O[C@H](COP(=O)(O)OP(=O)(O)OC[C@H]3O[C@@H](n4cnc5c(N)ncnc54)[C@H](OP(=O)(O)O)[C@@H]3O)[C@@H](O)[C@H]2O)C=CC1.O=C1CC(=O)C(=CCc2ccc(O)c(O)c2)O1,rule0018_66,No_Thermo,Enzymatic
NC(=O)c1ccc[n+]([C@@H]2O[C@H](COP(=O)(O)OP(=O)(O)OC[C@H]3O[C@@H](n4cnc5c(N)ncnc54)[C@H](OP(=O)(O)O)[C@@H]3O)[C@@H](O)[C@H]2O)c1.O.O=C1CC(O)C(=CC(O)c2ccccc2)O1,NC(=O)C1=CN([C@@H]2O[C@H](COP(=O)(O)OP(=O)(O)OC[C@H]3O[C@@H](n4cnc5c(N)ncnc54)[C@H](OP(=O)(O)O)[C@@H]3O)[C@@H](O)[C@H]2O)C=CC1.O=C1CC(O)C(=CCc2ccccc2)O1.O=O,NC(=O)c1ccc[n+]([C@@H]2O[C@H](COP(=O)(O)OP(=O)(O)OC[C@H]3O[C@@H](n4cnc5c(N)ncnc54)[C@H](OP(=O)(O)O)[C@@H]3O)[C@@H](O)[C@H]2O)c1.O.O=C1CC(O)C(=CC(O)c2ccccc2)O1 >> NC(=O)C1=CN([C@@H]2O[C@H](COP(=O)(O)OP(=O)(O)OC[C@H]3O[C@@H](n4cnc5c(N)ncnc54)[C@H](OP(=O)(O)O)[C@@H]3O)[C@@H](O)[C@H]2O)C=CC1.O=C1CC(O)C(=CCc2ccccc2)O1.O=O,rule0005_49,No_Thermo,Enzymatic
O=C1CC(=O)C(=CC(O)c2ccccc2)O1,O=C1CC(=O)C(=Cc2cccc(CO)c2)O1,O=C1CC(=O)C(=CC(O)c2ccccc2)O1 >> O=C1CC(=O)C(=Cc2cccc(CO)c2)O1,rule0028_51,No_Thermo,Enzymatic
NC(=O)C1=CN([C@@H]2O[C@H](COP(=O)(O)OP(=O)(O)OC[C@H]3O[C@@H](n4cnc5c(N)ncnc54)[C@H](OP(=O)(O)O)[C@@H]3O)[C@@H](O)[C@H]2O)C=CC1.O=C1CC(=O)C(=CCc2ccccc2)O1.O=O,NC(=O)c1ccc[n+]([C@@H]2O[C@H](COP(=O)(O)OP(=O)(O)OC[C@H]3O[C@@H](n4cnc5c(N)ncnc54)[C@H](OP(=O)(O)O)[C@@H]3O)[C@@H](O)[C@H]2O)c1.O.O=C1CC(=O)C(=CCc2cccc(O)c2)O1,NC(=O)C1=CN([C@@H]2O[C@H](COP(=O)(O)OP(=O)(O)OC[C@H]3O[C@@H](n4cnc5c(N)ncnc54)[C@H](OP(=O)(O)O)[C@@H]3O)[C@@H](O)[C@H]2O)C=CC1.O=C1CC(=O)C(=CCc2ccccc2)O1.O=O >> NC(=O)c1ccc[n+]([C@@H]2O[C@H](COP(=O)(O)OP(=O)(O)OC[C@H]3O[C@@H](n4cnc5c(N)ncnc54)[C@H](OP(=O)(O)O)[C@@H]3O)[C@@H](O)[C@H]2O)c1.O.O=C1CC(=O)C(=CCc2cccc(O)c2)O1,rule0004_09,No_Thermo,Enzymatic
NC(=O)C1=CN([C@@H]2O[C@H](COP(=O)(O)OP(=O)(O)OC[C@H]3O[C@@H](n4cnc5c(N)ncnc54)[C@H](OP(=O)(O)O)[C@@H]3O)[C@@H](O)[C@H]2O)C=CC1.O=C1CC(=O)C(=CCc2ccccc2)O1.O=O,NC(=O)c1ccc[n+]([C@@H]2O[C@H](COP(=O)(O)OP(=O)(O)OC[C@H]3O[C@@H](n4cnc5c(N)ncnc54)[C@H](OP(=O)(O)O)[C@@H]3O)[C@@H](O)[C@H]2O)c1.O=C1CC(=O)C(=CCC2=CC=CC(O)C2O)O1,NC(=O)C1=CN([C@@H]2O[C@H](COP(=O)(O)OP(=O)(O)OC[C@H]3O[C@@H](n4cnc5c(N)ncnc54)[C@H](OP(=O)(O)O)[C@@H]3O)[C@@H](O)[C@H]2O)C=CC1.O=C1CC(=O)C(=CCc2ccccc2)O1.O=O >> NC(=O)c1ccc[n+]([C@@H]2O[C@H](COP(=O)(O)OP(=O)(O)OC[C@H]3O[C@@H](n4cnc5c(N)ncnc54)[C@H](OP(=O)(O)O)[C@@H]3O)[C@@H](O)[C@H]2O)c1.O=C1CC(=O)C(=CCC2=CC=CC(O)C2O)O1,rule0094_1,No_Thermo,Enzymatic
Cc1cccc(C=C2OC(=O)CC2=O)c1.OO,Cc1cc(O)cc(C=C2OC(=O)CC2=O)c1.O,Cc1cccc(C=C2OC(=O)CC2=O)c1.OO >> Cc1cc(O)cc(C=C2OC(=O)CC2=O)c1.O,rule1165_2,No_Thermo,Enzymatic
O=C(O)CC(=O)C(O)=CCc1ccccc1,O.O=C1C=C(C(O)=CCc2ccccc2)O1,O=C(O)CC(=O)C(O)=CCc1ccccc1 >> O.O=C1C=C(C(O)=CCc2ccccc2)O1,rule0138_1,No_Thermo,Enzymatic
O=C(O)CC(=O)C(O)=CCc1ccccc1,CC(=O)C(O)=C(Cc1ccccc1)C(=O)O,O=C(O)CC(=O)C(O)=CCc1ccccc1 >> CC(=O)C(O)=C(Cc1ccccc1)C(=O)O,rule0028_50,No_Thermo,Enzymatic
NC(=O)C1=CN([C@@H]2O[C@H](COP(=O)(O)OP(=O)(O)OC[C@H]3O[C@@H](n4cnc5c(N)ncnc54)[C@H](OP(=O)(O)O)[C@@H]3O)[C@@H](O)[C@H]2O)C=CC1.O=C1CC(O)OC1=CC(O)c1ccccc1.O=O,NC(=O)c1ccc[n+]([C@@H]2O[C@H](COP(=O)(O)OP(=O)(O)OC[C@H]3O[C@@H](n4cnc5c(N)ncnc54)[C@H](OP(=O)(O)O)[C@@H]3O)[C@@H](O)[C@H]2O)c1.O.O=C1CC(O)OC1=CC(O)c1ccccc1O,NC(=O)C1=CN([C@@H]2O[C@H](COP(=O)(O)OP(=O)(O)OC[C@H]3O[C@@H](n4cnc5c(N)ncnc54)[C@H](OP(=O)(O)O)[C@@H]3O)[C@@H](O)[C@H]2O)C=CC1.O=C1CC(O)OC1=CC(O)c1ccccc1.O=O >> NC(=O)c1ccc[n+]([C@@H]2O[C@H](COP(=O)(O)OP(=O)(O)OC[C@H]3O[C@@H](n4cnc5c(N)ncnc54)[C@H](OP(=O)(O)O)[C@@H]3O)[C@@H](O)[C@H]2O)c1.O.O=C1CC(O)OC1=CC(O)c1ccccc1O,rule0004_10,No_Thermo,Enzymatic
O=C(O)CC(=O)C(O)=CCc1ccccc1,O=C(CC(O)O)C1=C(Cc2ccccc2)O1,O=C(O)CC(=O)C(O)=CCc1ccccc1 >> O=C(CC(O)O)C1=C(Cc2ccccc2)O1,rule0169_1,No_Thermo,Enzymatic
CC=C1OC(=O)CC1=O.CC=C1OC(=O)CC1=O,C=C1OC(=O)CC1=O.CC=C1OC(=O)C(C)C1=O,CC=C1OC(=O)CC1=O.CC=C1OC(=O)CC1=O >> C=C1OC(=O)CC1=O.CC=C1OC(=O)C(C)C1=O,rule0126_2,No_Thermo,Enzymatic
O=C1CC(O)OC1=C(O)Cc1ccccc1,O.O=C1CC(=O)C(=CCc2ccccc2)O1,O=C1CC(O)OC1=C(O)Cc1ccccc1 >> O.O=C1CC(=O)C(=CCc2ccccc2)O1,rule0071_5,No_Thermo,Enzymatic
O.O=C1CC(O)C(=C(O)Cc2ccccc2)O1,O=C(O)CC(O)C(O)=C(O)Cc1ccccc1,O.O=C1CC(O)C(=C(O)Cc2ccccc2)O1 >> O=C(O)CC(O)C(O)=C(O)Cc1ccccc1,rule0035_7,No_Thermo,Enzymatic
Cc1cccc(C=C2OC(=O)CC2=O)c1.O,Cc1cccc(C=C(O)C(=O)CC(=O)O)c1,Cc1cccc(C=C2OC(=O)CC2=O)c1.O >> Cc1cccc(C=C(O)C(=O)CC(=O)O)c1,rule0035_7,No_Thermo,Enzymatic
O.O=C1CC(O)OC1=C(O)Cc1ccccc1,OC(=C1OC(O)CC1O)C(O)c1ccccc1,O.O=C1CC(O)OC1=C(O)Cc1ccccc1 >> OC(=C1OC(O)CC1O)C(O)c1ccccc1,rule0070_6,No_Thermo,Enzymatic
NC(=O)C1=CN([C@@H]2O[C@H](COP(=O)(O)OP(=O)(O)OC[C@H]3O[C@@H](n4cnc5c(N)ncnc54)[C@H](OP(=O)(O)O)[C@@H]3O)[C@@H](O)[C@H]2O)C=CC1.O=C(O)CC(=O)C(O)=CCc1ccccc1,NC(=O)c1ccc[n+]([C@@H]2O[C@H](COP(=O)(O)OP(=O)(O)OC[C@H]3O[C@@H](n4cnc5c(N)ncnc54)[C@H](OP(=O)(O)O)[C@@H]3O)[C@@H](O)[C@H]2O)c1.O=C(CC(O)O)C(O)=CCc1ccccc1,NC(=O)C1=CN([C@@H]2O[C@H](COP(=O)(O)OP(=O)(O)OC[C@H]3O[C@@H](n4cnc5c(N)ncnc54)[C@H](OP(=O)(O)O)[C@@H]3O)[C@@H](O)[C@H]2O)C=CC1.O=C(O)CC(=O)C(O)=CCc1ccccc1 >> NC(=O)c1ccc[n+]([C@@H]2O[C@H](COP(=O)(O)OP(=O)(O)OC[C@H]3O[C@@H](n4cnc5c(N)ncnc54)[C@H](OP(=O)(O)O)[C@@H]3O)[C@@H](O)[C@H]2O)c1.O=C(CC(O)O)C(O)=CCc1ccccc1,rule0003_147,No_Thermo,Enzymatic
O=C1CC(=O)C(=CC(O)c2ccccc2)O1.OO,O.O=C1CC(=O)C(=CC(O)c2ccccc2O)O1,O=C1CC(=O)C(=CC(O)c2ccccc2)O1.OO >> O.O=C1CC(=O)C(=CC(O)c2ccccc2O)O1,rule1165_2,No_Thermo,Enzymatic
O=C(O)CC(=O)C(O)=CCc1ccccc1,O=C(O)CC(O)C1=CC(c2ccccc2)O1,O=C(O)CC(=O)C(O)=CCc1ccccc1 >> O=C(O)CC(O)C1=CC(c2ccccc2)O1,rule0169_1,No_Thermo,Enzymatic
O.O=C1CC(O)C(=C(O)Cc2ccccc2)O1,O=C1CC(O)C(O)(C(O)Cc2ccccc2)O1,O.O=C1CC(O)C(=C(O)Cc2ccccc2)O1 >> O=C1CC(O)C(O)(C(O)Cc2ccccc2)O1,rule0020_19,No_Thermo,Enzymatic
NC(=O)C1=CN([C@@H]2O[C@H](COP(=O)(O)OP(=O)(O)OC[C@H]3O[C@@H](n4cnc5c(N)ncnc54)[C@H](OP(=O)(O)O)[C@@H]3O)[C@@H](O)[C@H]2O)C=CC1.O=C1CC(O)OC1=CC(O)c1ccccc1.O=O,NC(=O)c1ccc[n+]([C@@H]2O[C@H](COP(=O)(O)OP(=O)(O)OC[C@H]3O[C@@H](n4cnc5c(N)ncnc54)[C@H](OP(=O)(O)O)[C@@H]3O)[C@@H](O)[C@H]2O)c1.O.O=C1CC(O)OC1=CC(O)C12C=CC=CC1O2,NC(=O)C1=CN([C@@H]2O[C@H](COP(=O)(O)OP(=O)(O)OC[C@H]3O[C@@H](n4cnc5c(N)ncnc54)[C@H](OP(=O)(O)O)[C@@H]3O)[C@@H](O)[C@H]2O)C=CC1.O=C1CC(O)OC1=CC(O)c1ccccc1.O=O >> NC(=O)c1ccc[n+]([C@@H]2O[C@H](COP(=O)(O)OP(=O)(O)OC[C@H]3O[C@@H](n4cnc5c(N)ncnc54)[C@H](OP(=O)(O)O)[C@@H]3O)[C@@H](O)[C@H]2O)c1.O.O=C1CC(O)OC1=CC(O)C12C=CC=CC1O2,rule0951_1,No_Thermo,Enzymatic
O.O=C1CC(O)OC1=CC(O)c1ccccc1,O=C1CC(O)OC1=CCO.Oc1ccccc1,O.O=C1CC(O)OC1=CC(O)c1ccccc1 >> O=C1CC(O)OC1=CCO.Oc1ccccc1,rule0085_1,No_Thermo,Enzymatic
O=C1CC(=O)C(=CCc2cccc(O)c2)O1,O=C1CC(=O)C(=CCc2ccc(O)cc2)O1,O=C1CC(=O)C(=CCc2cccc(O)c2)O1 >> O=C1CC(=O)C(=CCc2ccc(O)cc2)O1,rule0028_44,No_Thermo,Enzymatic
Cc1cccc(C=C2OC(=O)CC2=O)c1.OO,O.O=C1CC(=O)C(=Cc2cccc(CO)c2)O1,Cc1cccc(C=C2OC(=O)CC2=O)c1.OO >> O.O=C1CC(=O)C(=Cc2cccc(CO)c2)O1,rule1165_1,No_Thermo,Enzymatic
O=C(O)CC(=O)C(O)=CCc1ccccc1,CC(=O)C(O)=CCc1cccc(C(=O)O)c1,O=C(O)CC(=O)C(O)=CCc1ccccc1 >> CC(=O)C(O)=CCc1cccc(C(=O)O)c1,rule0028_50,No_Thermo,Enzymatic
O=C1CC(=O)C(=CCC23C=CC=CC2O3)O1,O=C1CC(=O)C(=CCC2=CC=CC3OC23)O1,O=C1CC(=O)C(=CCC23C=CC=CC2O3)O1 >> O=C1CC(=O)C(=CCC2=CC=CC3OC23)O1,rule0028_51,No_Thermo,Enzymatic
O=C1CC(=O)C(=CC(O)c2ccccc2)O1.OO,O.O=C1CC(=O)C(=CC(O)(O)c2ccccc2)O1,O=C1CC(=O)C(=CC(O)c2ccccc2)O1.OO >> O.O=C1CC(=O)C(=CC(O)(O)c2ccccc2)O1,rule1165_1,No_Thermo,Enzymatic
O.O=C1CC(=O)C2(O1)OC2Cc1ccccc1,O=C1CC(=O)C(O)(C(O)Cc2ccccc2)O1,O.O=C1CC(=O)C2(O1)OC2Cc1ccccc1 >> O=C1CC(=O)C(O)(C(O)Cc2ccccc2)O1,rule0035_8,No_Thermo,Enzymatic
NC(=O)C1=CN([C@@H]2O[C@H](COP(=O)(O)OP(=O)(O)OC[C@H]3O[C@@H](n4cnc5c(N)ncnc54)[C@H](OP(=O)(O)O)[C@@H]3O)[C@@H](O)[C@H]2O)C=CC1.O=C(O)CC(=O)C(O)=CCc1ccccc1.O=O,NC(=O)c1ccc[n+]([C@@H]2O[C@H](COP(=O)(O)OP(=O)(O)OC[C@H]3O[C@@H](n4cnc5c(N)ncnc54)[C@H](OP(=O)(O)O)[C@@H]3O)[C@@H](O)[C@H]2O)c1.O.O=C(O)CC(=O)C(O)=C(O)Cc1ccccc1,NC(=O)C1=CN([C@@H]2O[C@H](COP(=O)(O)OP(=O)(O)OC[C@H]3O[C@@H](n4cnc5c(N)ncnc54)[C@H](OP(=O)(O)O)[C@@H]3O)[C@@H](O)[C@H]2O)C=CC1.O=C(O)CC(=O)C(O)=CCc1ccccc1.O=O >> NC(=O)c1ccc[n+]([C@@H]2O[C@H](COP(=O)(O)OP(=O)(O)OC[C@H]3O[C@@H](n4cnc5c(N)ncnc54)[C@H](OP(=O)(O)O)[C@@H]3O)[C@@H](O)[C@H]2O)c1.O.O=C(O)CC(=O)C(O)=C(O)Cc1ccccc1,rule0004_13,No_Thermo,Enzymatic
NC(=O)C1=CN([C@@H]2O[C@H](COP(=O)(O)OP(=O)(O)OC[C@H]3O[C@@H](n4cnc5c(N)ncnc54)[C@H](OP(=O)(O)O)[C@@H]3O)[C@@H](O)[C@H]2O)C=CC1.O=C1CC(=O)C(=CCc2ccc(O)cc2)O1.O=O,NC(=O)c1ccc[n+]([C@@H]2O[C@H](COP(=O)(O)OP(=O)(O)OC[C@H]3O[C@@H](n4cnc5c(N)ncnc54)[C@H](OP(=O)(O)O)[C@@H]3O)[C@@H](O)[C@H]2O)c1.O.O=C1CC(=O)C(=CCC2=CC3OC3(O)C=C2)O1,NC(=O)C1=CN([C@@H]2O[C@H](COP(=O)(O)OP(=O)(O)OC[C@H]3O[C@@H](n4cnc5c(N)ncnc54)[C@H](OP(=O)(O)O)[C@@H]3O)[C@@H](O)[C@H]2O)C=CC1.O=C1CC(=O)C(=CCc2ccc(O)cc2)O1.O=O >> NC(=O)c1ccc[n+]([C@@H]2O[C@H](COP(=O)(O)OP(=O)(O)OC[C@H]3O[C@@H](n4cnc5c(N)ncnc54)[C@H](OP(=O)(O)O)[C@@H]3O)[C@@H](O)[C@H]2O)c1.O.O=C1CC(=O)C(=CCC2=CC3OC3(O)C=C2)O1,rule0951_1,No_Thermo,Enzymatic
Cc1ccc(C=C2OC(=O)CC2=O)cc1.O,C=C1OC(=O)CC1=O.Cc1ccc(O)cc1,Cc1ccc(C=C2OC(=O)CC2=O)cc1.O >> C=C1OC(=O)CC1=O.Cc1ccc(O)cc1,rule0085_1,No_Thermo,Enzymatic
O=C1CC(=O)C(=CCC2(O)C=CC=CC2O)O1,CC1(O)C=C(C=C2OC(=O)CC2=O)C=CC1O,O=C1CC(=O)C(=CCC2(O)C=CC=CC2O)O1 >> CC1(O)C=C(C=C2OC(=O)CC2=O)C=CC1O,rule0028_51,No_Thermo,Enzymatic
Cc1ccc(C=C2OC(=O)CC2=O)cc1.NC(=O)C1=CN([C@@H]2O[C@H](COP(=O)(O)OP(=O)(O)OC[C@H]3O[C@@H](n4cnc5c(N)ncnc54)[C@H](OP(=O)(O)O)[C@@H]3O)[C@@H](O)[C@H]2O)C=CC1.O=O,CC1(O)C=CC(C=C2OC(=O)CC2=O)=CC1O.NC(=O)c1ccc[n+]([C@@H]2O[C@H](COP(=O)(O)OP(=O)(O)OC[C@H]3O[C@@H](n4cnc5c(N)ncnc54)[C@H](OP(=O)(O)O)[C@@H]3O)[C@@H](O)[C@H]2O)c1,Cc1ccc(C=C2OC(=O)CC2=O)cc1.NC(=O)C1=CN([C@@H]2O[C@H](COP(=O)(O)OP(=O)(O)OC[C@H]3O[C@@H](n4cnc5c(N)ncnc54)[C@H](OP(=O)(O)O)[C@@H]3O)[C@@H](O)[C@H]2O)C=CC1.O=O >> CC1(O)C=CC(C=C2OC(=O)CC2=O)=CC1O.NC(=O)c1ccc[n+]([C@@H]2O[C@H](COP(=O)(O)OP(=O)(O)OC[C@H]3O[C@@H](n4cnc5c(N)ncnc54)[C@H](OP(=O)(O)O)[C@@H]3O)[C@@H](O)[C@H]2O)c1,rule0094_1,No_Thermo,Enzymatic
O.O=C(O)CC(=O)C(O)=CCc1ccccc1,O=C(CC(O)O)C(O)=C(O)Cc1ccccc1,O.O=C(O)CC(=O)C(O)=CCc1ccccc1 >> O=C(CC(O)O)C(O)=C(O)Cc1ccccc1,rule0070_6,No_Thermo,Enzymatic
Cc1cccc(C=C2OC(=O)CC2=O)c1.NC(=O)C1=CN([C@@H]2O[C@H](COP(=O)(O)OP(=O)(O)OC[C@H]3O[C@@H](n4cnc5c(N)ncnc54)[C@H](OP(=O)(O)O)[C@@H]3O)[C@@H](O)[C@H]2O)C=CC1.O=O,Cc1cc(O)cc(C=C2OC(=O)CC2=O)c1.NC(=O)c1ccc[n+]([C@@H]2O[C@H](COP(=O)(O)OP(=O)(O)OC[C@H]3O[C@@H](n4cnc5c(N)ncnc54)[C@H](OP(=O)(O)O)[C@@H]3O)[C@@H](O)[C@H]2O)c1.O,Cc1cccc(C=C2OC(=O)CC2=O)c1.NC(=O)C1=CN([C@@H]2O[C@H](COP(=O)(O)OP(=O)(O)OC[C@H]3O[C@@H](n4cnc5c(N)ncnc54)[C@H](OP(=O)(O)O)[C@@H]3O)[C@@H](O)[C@H]2O)C=CC1.O=O >> Cc1cc(O)cc(C=C2OC(=O)CC2=O)c1.NC(=O)c1ccc[n+]([C@@H]2O[C@H](COP(=O)(O)OP(=O)(O)OC[C@H]3O[C@@H](n4cnc5c(N)ncnc54)[C@H](OP(=O)(O)O)[C@@H]3O)[C@@H](O)[C@H]2O)c1.O,rule0004_09,No_Thermo,Enzymatic
O=C1CC(O)OC1=CC(O)c1ccccc1,C=C1OC(O)CC1=O.O=Cc1ccccc1,O=C1CC(O)OC1=CC(O)c1ccccc1 >> C=C1OC(O)CC1=O.O=Cc1ccccc1,rule0053_13,No_Thermo,Enzymatic
O=C1CC(O)OC1=CC(O)c1ccccc1.OO,O.O=C1CC(O)OC1=CC(O)c1ccc(O)cc1,O=C1CC(O)OC1=CC(O)c1ccccc1.OO >> O.O=C1CC(O)OC1=CC(O)c1ccc(O)cc1,rule1165_2,No_Thermo,Enzymatic
O=C1CC(=O)C(=CCC23C=CC=CC2O3)O1,CC12OC1C=CC=C2C=C1OC(=O)CC1=O,O=C1CC(=O)C(=CCC23C=CC=CC2O3)O1 >> CC12OC1C=CC=C2C=C1OC(=O)CC1=O,rule0028_51,No_Thermo,Enzymatic
O=C=O.Oc1ccccc1,O=C(O)c1ccc(O)cc1,O=C=O.Oc1ccccc1 >> O=C(O)c1ccc(O)cc1,rule0023_09,No_Thermo,Enzymatic
O=C1CC(=O)C(=CCC23C=CC=CC2O3)O1,O=C1CC(=O)C(=CCC2=CC3OC3C=C2)O1,O=C1CC(=O)C(=CCC23C=CC=CC2O3)O1 >> O=C1CC(=O)C(=CCC2=CC3OC3C=C2)O1,rule0028_51,No_Thermo,Enzymatic
NC(=O)c1ccc[n+]([C@@H]2O[C@H](COP(=O)(O)OP(=O)(O)OC[C@H]3O[C@@H](n4cnc5c(N)ncnc54)[C@H](OP(=O)(O)O)[C@@H]3O)[C@@H](O)[C@H]2O)c1.O=C1CC(=O)C(=CC(O)c2ccccc2)O1,NC(=O)C1=CN([C@@H]2O[C@H](COP(=O)(O)OP(=O)(O)OC[C@H]3O[C@@H](n4cnc5c(N)ncnc54)[C@H](OP(=O)(O)O)[C@@H]3O)[C@@H](O)[C@H]2O)C=CC1.O=C1CC(=O)C(=CC(=O)c2ccccc2)O1,NC(=O)c1ccc[n+]([C@@H]2O[C@H](COP(=O)(O)OP(=O)(O)OC[C@H]3O[C@@H](n4cnc5c(N)ncnc54)[C@H](OP(=O)(O)O)[C@@H]3O)[C@@H](O)[C@H]2O)c1.O=C1CC(=O)C(=CC(O)c2ccccc2)O1 >> NC(=O)C1=CN([C@@H]2O[C@H](COP(=O)(O)OP(=O)(O)OC[C@H]3O[C@@H](n4cnc5c(N)ncnc54)[C@H](OP(=O)(O)O)[C@@H]3O)[C@@H](O)[C@H]2O)C=CC1.O=C1CC(=O)C(=CC(=O)c2ccccc2)O1,rule0002_087,No_Thermo,Enzymatic
O=C1CC(=O)C(O)(CCc2ccccc2)O1.OO,O.O=C1CC(=O)C(O)(CCc2ccccc2O)O1,O=C1CC(=O)C(O)(CCc2ccccc2)O1.OO >> O.O=C1CC(=O)C(O)(CCc2ccccc2O)O1,rule1165_2,No_Thermo,Enzymatic
O.O=C1CC(O)C(=CC(O)c2ccccc2)O1,OC1CC(O)C(=CC(O)(O)c2ccccc2)O1,O.O=C1CC(O)C(=CC(O)c2ccccc2)O1 >> OC1CC(O)C(=CC(O)(O)c2ccccc2)O1,rule0070_6,No_Thermo,Enzymatic
NC(=O)c1ccc[n+]([C@@H]2O[C@H](COP(=O)(O)OP(=O)(O)OC[C@H]3O[C@@H](n4cnc5c(N)ncnc54)[C@H](OP(=O)(O)O)[C@@H]3O)[C@@H](O)[C@H]2O)c1.O.O=C=O.Oc1ccccc1,NC(=O)C1=CN([C@@H]2O[C@H](COP(=O)(O)OP(=O)(O)OC[C@H]3O[C@@H](n4cnc5c(N)ncnc54)[C@H](OP(=O)(O)O)[C@@H]3O)[C@@H](O)[C@H]2O)C=CC1.O=C(O)c1ccccc1.O=O,NC(=O)c1ccc[n+]([C@@H]2O[C@H](COP(=O)(O)OP(=O)(O)OC[C@H]3O[C@@H](n4cnc5c(N)ncnc54)[C@H](OP(=O)(O)O)[C@@H]3O)[C@@H](O)[C@H]2O)c1.O.O=C=O.Oc1ccccc1 >> NC(=O)C1=CN([C@@H]2O[C@H](COP(=O)(O)OP(=O)(O)OC[C@H]3O[C@@H](n4cnc5c(N)ncnc54)[C@H](OP(=O)(O)O)[C@@H]3O)[C@@H](O)[C@H]2O)C=CC1.O=C(O)c1ccccc1.O=O,rule0187_1,No_Thermo,Enzymatic
O.O=C1CC(=O)C(=CCc2ccccc2)O1,O=C1CC(O)C(=CC(O)c2ccccc2)O1,O.O=C1CC(=O)C(=CCc2ccccc2)O1 >> O=C1CC(O)C(=CC(O)c2ccccc2)O1,rule0070_6,No_Thermo,Enzymatic
NC(=O)C1=CN([C@@H]2O[C@H](COP(=O)(O)OP(=O)(O)OC[C@H]3O[C@@H](n4cnc5c(N)ncnc54)[C@H](OP(=O)(O)O)[C@@H]3O)[C@@H](O)[C@H]2O)C=CC1.O=C1CC(=O)C(=CCc2cccc(O)c2)O1.O=O,NC(=O)c1ccc[n+]([C@@H]2O[C@H](COP(=O)(O)OP(=O)(O)OC[C@H]3O[C@@H](n4cnc5c(N)ncnc54)[C@H](OP(=O)(O)O)[C@@H]3O)[C@@H](O)[C@H]2O)c1.O.O=C1CC(=O)C2(O1)OC2Cc1cccc(O)c1,NC(=O)C1=CN([C@@H]2O[C@H](COP(=O)(O)OP(=O)(O)OC[C@H]3O[C@@H](n4cnc5c(N)ncnc54)[C@H](OP(=O)(O)O)[C@@H]3O)[C@@H](O)[C@H]2O)C=CC1.O=C1CC(=O)C(=CCc2cccc(O)c2)O1.O=O >> NC(=O)c1ccc[n+]([C@@H]2O[C@H](COP(=O)(O)OP(=O)(O)OC[C@H]3O[C@@H](n4cnc5c(N)ncnc54)[C@H](OP(=O)(O)O)[C@@H]3O)[C@@H](O)[C@H]2O)c1.O.O=C1CC(=O)C2(O1)OC2Cc1cccc(O)c1,rule0077_4,No_Thermo,Enzymatic
N.NC(=O)C1=CN([C@@H]2O[C@H](COP(=O)(O)OP(=O)(O)OC[C@H]3O[C@@H](n4cnc5c(N)ncnc54)[C@H](OP(=O)(O)O)[C@@H]3O)[C@@H](O)[C@H]2O)C=CC1.O=C(O)CC(=O)C(O)=CCc1ccccc1,NC(=O)c1ccc[n+]([C@@H]2O[C@H](COP(=O)(O)OP(=O)(O)OC[C@H]3O[C@@H](n4cnc5c(N)ncnc54)[C@H](OP(=O)(O)O)[C@@H]3O)[C@@H](O)[C@H]2O)c1.NC(O)CC(=O)C(O)=CCc1ccccc1.O,N.NC(=O)C1=CN([C@@H]2O[C@H](COP(=O)(O)OP(=O)(O)OC[C@H]3O[C@@H](n4cnc5c(N)ncnc54)[C@H](OP(=O)(O)O)[C@@H]3O)[C@@H](O)[C@H]2O)C=CC1.O=C(O)CC(=O)C(O)=CCc1ccccc1 >> NC(=O)c1ccc[n+]([C@@H]2O[C@H](COP(=O)(O)OP(=O)(O)OC[C@H]3O[C@@H](n4cnc5c(N)ncnc54)[C@H](OP(=O)(O)O)[C@@H]3O)[C@@H](O)[C@H]2O)c1.NC(O)CC(=O)C(O)=CCc1ccccc1.O,rule0166_2,No_Thermo,Enzymatic
NC(=O)C1=CN([C@@H]2O[C@H](COP(=O)(O)OP(=O)(O)OC[C@H]3O[C@@H](n4cnc5c(N)ncnc54)[C@H](OP(=O)(O)O)[C@@H]3O)[C@@H](O)[C@H]2O)C=CC1.O=C(O)CC(=O)C(O)=CCc1ccccc1.O=O,NC(=O)c1ccc[n+]([C@@H]2O[C@H](COP(=O)(O)OP(=O)(O)OC[C@H]3O[C@@H](n4cnc5c(N)ncnc54)[C@H](OP(=O)(O)O)[C@@H]3O)[C@@H](O)[C@H]2O)c1.O.O=C(O)CC(=O)C1(O)OC1Cc1ccccc1,NC(=O)C1=CN([C@@H]2O[C@H](COP(=O)(O)OP(=O)(O)OC[C@H]3O[C@@H](n4cnc5c(N)ncnc54)[C@H](OP(=O)(O)O)[C@@H]3O)[C@@H](O)[C@H]2O)C=CC1.O=C(O)CC(=O)C(O)=CCc1ccccc1.O=O >> NC(=O)c1ccc[n+]([C@@H]2O[C@H](COP(=O)(O)OP(=O)(O)OC[C@H]3O[C@@H](n4cnc5c(N)ncnc54)[C@H](OP(=O)(O)O)[C@@H]3O)[C@@H](O)[C@H]2O)c1.O.O=C(O)CC(=O)C1(O)OC1Cc1ccccc1,rule0077_4,No_Thermo,Enzymatic
NC(=O)C1=CN([C@@H]2O[C@H](COP(=O)(O)OP(=O)(O)OC[C@H]3O[C@@H](n4cnc5c(N)ncnc54)[C@H](OP(=O)(O)O)[C@@H]3O)[C@@H](O)[C@H]2O)C=CC1.O=C1CC(=O)C(=CCc2ccccc2)O1.O=O,NC(=O)c1ccc[n+]([C@@H]2O[C@H](COP(=O)(O)OP(=O)(O)OC[C@H]3O[C@@H](n4cnc5c(N)ncnc54)[C@H](OP(=O)(O)O)[C@@H]3O)[C@@H](O)[C@H]2O)c1.O.O=C1CC(=O)C(=CCC23C=CC=CC2O3)O1,NC(=O)C1=CN([C@@H]2O[C@H](COP(=O)(O)OP(=O)(O)OC[C@H]3O[C@@H](n4cnc5c(N)ncnc54)[C@H](OP(=O)(O)O)[C@@H]3O)[C@@H](O)[C@H]2O)C=CC1.O=C1CC(=O)C(=CCc2ccccc2)O1.O=O >> NC(=O)c1ccc[n+]([C@@H]2O[C@H](COP(=O)(O)OP(=O)(O)OC[C@H]3O[C@@H](n4cnc5c(N)ncnc54)[C@H](OP(=O)(O)O)[C@@H]3O)[C@@H](O)[C@H]2O)c1.O.O=C1CC(=O)C(=CCC23C=CC=CC2O3)O1,rule0951_1,No_Thermo,Enzymatic
Cc1cccc(C=C2OC(=O)CC2=O)c1.NC(=O)C1=CN([C@@H]2O[C@H](COP(=O)(O)OP(=O)(O)OC[C@H]3O[C@@H](n4cnc5c(N)ncnc54)[C@H](OP(=O)(O)O)[C@@H]3O)[C@@H](O)[C@H]2O)C=CC1.O=O,CC1=CC(O)(C=C2OC(=O)CC2=O)C(O)C=C1.NC(=O)c1ccc[n+]([C@@H]2O[C@H](COP(=O)(O)OP(=O)(O)OC[C@H]3O[C@@H](n4cnc5c(N)ncnc54)[C@H](OP(=O)(O)O)[C@@H]3O)[C@@H](O)[C@H]2O)c1,Cc1cccc(C=C2OC(=O)CC2=O)c1.NC(=O)C1=CN([C@@H]2O[C@H](COP(=O)(O)OP(=O)(O)OC[C@H]3O[C@@H](n4cnc5c(N)ncnc54)[C@H](OP(=O)(O)O)[C@@H]3O)[C@@H](O)[C@H]2O)C=CC1.O=O >> CC1=CC(O)(C=C2OC(=O)CC2=O)C(O)C=C1.NC(=O)c1ccc[n+]([C@@H]2O[C@H](COP(=O)(O)OP(=O)(O)OC[C@H]3O[C@@H](n4cnc5c(N)ncnc54)[C@H](OP(=O)(O)O)[C@@H]3O)[C@@H](O)[C@H]2O)c1,rule0094_1,No_Thermo,Enzymatic
O=C1CC(=O)C(=CCC2=CC3OC3C=C2)O1,C=C1OC(=O)C(CC2=CC3OC3C=C2)C1=O,O=C1CC(=O)C(=CCC2=CC3OC3C=C2)O1 >> C=C1OC(=O)C(CC2=CC3OC3C=C2)C1=O,rule0028_51,No_Thermo,Enzymatic
Cc1cccc(C=C2OC(=O)CC2=O)c1.OO,Cc1cccc(C(O)=C2OC(=O)CC2=O)c1.O,Cc1cccc(C=C2OC(=O)CC2=O)c1.OO >> Cc1cccc(C(O)=C2OC(=O)CC2=O)c1.O,rule1165_1,No_Thermo,Enzymatic
O=C1CC(O)C(=C(O)Cc2ccccc2)O1,Cc1ccccc1.O=C=C1OC(=O)CC1O,O=C1CC(O)C(=C(O)Cc2ccccc2)O1 >> Cc1ccccc1.O=C=C1OC(=O)CC1O,rule0053_20,No_Thermo,Enzymatic
Cc1ccc(C=C2OC(=O)CC2=O)cc1.NC(=O)C1=CN([C@@H]2O[C@H](COP(=O)(O)OP(=O)(O)OC[C@H]3O[C@@H](n4cnc5c(N)ncnc54)[C@H](OP(=O)(O)O)[C@@H]3O)[C@@H](O)[C@H]2O)C=CC1.O=O,CC1=CC2OC2(C=C2OC(=O)CC2=O)C=C1.NC(=O)c1ccc[n+]([C@@H]2O[C@H](COP(=O)(O)OP(=O)(O)OC[C@H]3O[C@@H](n4cnc5c(N)ncnc54)[C@H](OP(=O)(O)O)[C@@H]3O)[C@@H](O)[C@H]2O)c1.O,Cc1ccc(C=C2OC(=O)CC2=O)cc1.NC(=O)C1=CN([C@@H]2O[C@H](COP(=O)(O)OP(=O)(O)OC[C@H]3O[C@@H](n4cnc5c(N)ncnc54)[C@H](OP(=O)(O)O)[C@@H]3O)[C@@H](O)[C@H]2O)C=CC1.O=O >> CC1=CC2OC2(C=C2OC(=O)CC2=O)C=C1.NC(=O)c1ccc[n+]([C@@H]2O[C@H](COP(=O)(O)OP(=O)(O)OC[C@H]3O[C@@H](n4cnc5c(N)ncnc54)[C@H](OP(=O)(O)O)[C@@H]3O)[C@@H](O)[C@H]2O)c1.O,rule0951_1,No_Thermo,Enzymatic
NC(=O)C1=CN([C@@H]2O[C@H](COP(=O)(O)OP(=O)(O)OC[C@H]3O[C@@H](n4cnc5c(N)ncnc54)[C@H](OP(=O)(O)O)[C@@H]3O)[C@@H](O)[C@H]2O)C=CC1.O=C1CC(=O)C(=CCc2ccc(O)cc2)O1.O=O,NC(=O)c1ccc[n+]([C@@H]2O[C@H](COP(=O)(O)OP(=O)(O)OC[C@H]3O[C@@H](n4cnc5c(N)ncnc54)[C@H](OP(=O)(O)O)[C@@H]3O)[C@@H](O)[C@H]2O)c1.O.O=C1CC(=O)C(=CCC2=CC=C(O)C3OC23)O1,NC(=O)C1=CN([C@@H]2O[C@H](COP(=O)(O)OP(=O)(O)OC[C@H]3O[C@@H](n4cnc5c(N)ncnc54)[C@H](OP(=O)(O)O)[C@@H]3O)[C@@H](O)[C@H]2O)C=CC1.O=C1CC(=O)C(=CCc2ccc(O)cc2)O1.O=O >> NC(=O)c1ccc[n+]([C@@H]2O[C@H](COP(=O)(O)OP(=O)(O)OC[C@H]3O[C@@H](n4cnc5c(N)ncnc54)[C@H](OP(=O)(O)O)[C@@H]3O)[C@@H](O)[C@H]2O)c1.O.O=C1CC(=O)C(=CCC2=CC=C(O)C3OC23)O1,rule0951_1,No_Thermo,Enzymatic
O.O=C1CC(O)C(=CC(O)c2ccccc2)O1,O=C1CC(O)C(=CCO)O1.Oc1ccccc1,O.O=C1CC(O)C(=CC(O)c2ccccc2)O1 >> O=C1CC(O)C(=CCO)O1.Oc1ccccc1,rule0085_1,No_Thermo,Enzymatic
O=C1CC(=O)C(=CCc2cccc(O)c2)O1,Cc1ccc(C=C2OC(=O)CC2=O)c(O)c1,O=C1CC(=O)C(=CCc2cccc(O)c2)O1 >> Cc1ccc(C=C2OC(=O)CC2=O)c(O)c1,rule0028_51,No_Thermo,Enzymatic
NC(=O)C1=CN([C@@H]2O[C@H](COP(=O)(O)OP(=O)(O)OC[C@H]3O[C@@H](n4cnc5c(N)ncnc54)[C@H](OP(=O)(O)O)[C@@H]3O)[C@@H](O)[C@H]2O)C=CC1.O=C1CC(=O)C(=CCc2cccc(O)c2)O1.O=O,NC(=O)c1ccc[n+]([C@@H]2O[C@H](COP(=O)(O)OP(=O)(O)OC[C@H]3O[C@@H](n4cnc5c(N)ncnc54)[C@H](OP(=O)(O)O)[C@@H]3O)[C@@H](O)[C@H]2O)c1.O.O=C1CC(=O)C(=CCC23C=CC=C(O)C2O3)O1,NC(=O)C1=CN([C@@H]2O[C@H](COP(=O)(O)OP(=O)(O)OC[C@H]3O[C@@H](n4cnc5c(N)ncnc54)[C@H](OP(=O)(O)O)[C@@H]3O)[C@@H](O)[C@H]2O)C=CC1.O=C1CC(=O)C(=CCc2cccc(O)c2)O1.O=O >> NC(=O)c1ccc[n+]([C@@H]2O[C@H](COP(=O)(O)OP(=O)(O)OC[C@H]3O[C@@H](n4cnc5c(N)ncnc54)[C@H](OP(=O)(O)O)[C@@H]3O)[C@@H](O)[C@H]2O)c1.O.O=C1CC(=O)C(=CCC23C=CC=C(O)C2O3)O1,rule0951_1,No_Thermo,Enzymatic
Cc1cccc(C=C2OC(=O)CC2=O)c1.NC(=O)C1=CN([C@@H]2O[C@H](COP(=O)(O)OP(=O)(O)OC[C@H]3O[C@@H](n4cnc5c(N)ncnc54)[C@H](OP(=O)(O)O)[C@@H]3O)[C@@H](O)[C@H]2O)C=CC1.O=O,CC1=CC(C=C2OC(=O)CC2=O)=CC(O)C1O.NC(=O)c1ccc[n+]([C@@H]2O[C@H](COP(=O)(O)OP(=O)(O)OC[C@H]3O[C@@H](n4cnc5c(N)ncnc54)[C@H](OP(=O)(O)O)[C@@H]3O)[C@@H](O)[C@H]2O)c1,Cc1cccc(C=C2OC(=O)CC2=O)c1.NC(=O)C1=CN([C@@H]2O[C@H](COP(=O)(O)OP(=O)(O)OC[C@H]3O[C@@H](n4cnc5c(N)ncnc54)[C@H](OP(=O)(O)O)[C@@H]3O)[C@@H](O)[C@H]2O)C=CC1.O=O >> CC1=CC(C=C2OC(=O)CC2=O)=CC(O)C1O.NC(=O)c1ccc[n+]([C@@H]2O[C@H](COP(=O)(O)OP(=O)(O)OC[C@H]3O[C@@H](n4cnc5c(N)ncnc54)[C@H](OP(=O)(O)O)[C@@H]3O)[C@@H](O)[C@H]2O)c1,rule0094_1,No_Thermo,Enzymatic
O=C(O)CC(=O)C(O)=CCc1ccccc1,O=C1C(=CCc2ccccc2)OC1C(O)O,O=C(O)CC(=O)C(O)=CCc1ccccc1 >> O=C1C(=CCc2ccccc2)OC1C(O)O,rule0169_1,No_Thermo,Enzymatic
O.O=C1CC(=O)C(=CCc2ccc(O)cc2)O1,CC=C1OC(=O)CC1=O.Oc1ccc(O)cc1,O.O=C1CC(=O)C(=CCc2ccc(O)cc2)O1 >> CC=C1OC(=O)CC1=O.Oc1ccc(O)cc1,rule0085_1,No_Thermo,Enzymatic
NC(=O)C1=CN([C@@H]2O[C@H](COP(=O)(O)OP(=O)(O)OC[C@H]3O[C@@H](n4cnc5c(N)ncnc54)[C@H](OP(=O)(O)O)[C@@H]3O)[C@@H](O)[C@H]2O)C=CC1.O=C1CC(O)C(=CC(O)c2ccccc2)O1.O=O,NC(=O)c1ccc[n+]([C@@H]2O[C@H](COP(=O)(O)OP(=O)(O)OC[C@H]3O[C@@H](n4cnc5c(N)ncnc54)[C@H](OP(=O)(O)O)[C@@H]3O)[C@@H](O)[C@H]2O)c1.O.O=C1CC(O)C(=CC(O)c2ccccc2O)O1,NC(=O)C1=CN([C@@H]2O[C@H](COP(=O)(O)OP(=O)(O)OC[C@H]3O[C@@H](n4cnc5c(N)ncnc54)[C@H](OP(=O)(O)O)[C@@H]3O)[C@@H](O)[C@H]2O)C=CC1.O=C1CC(O)C(=CC(O)c2ccccc2)O1.O=O >> NC(=O)c1ccc[n+]([C@@H]2O[C@H](COP(=O)(O)OP(=O)(O)OC[C@H]3O[C@@H](n4cnc5c(N)ncnc54)[C@H](OP(=O)(O)O)[C@@H]3O)[C@@H](O)[C@H]2O)c1.O.O=C1CC(O)C(=CC(O)c2ccccc2O)O1,rule0004_10,No_Thermo,Enzymatic
NC(=O)C1=CN([C@@H]2O[C@H](COP(=O)(O)OP(=O)(O)OC[C@H]3O[C@@H](n4cnc5c(N)ncnc54)[C@H](OP(=O)(O)O)[C@@H]3O)[C@@H](O)[C@H]2O)C=CC1.O=C1CC(O)C(=C(O)Cc2ccccc2)O1.O=O,NC(=O)c1ccc[n+]([C@@H]2O[C@H](COP(=O)(O)OP(=O)(O)OC[C@H]3O[C@@H](n4cnc5c(N)ncnc54)[C@H](OP(=O)(O)O)[C@@H]3O)[C@@H](O)[C@H]2O)c1.O.O=C1CC(O)C(=C(O)Cc2ccc(O)cc2)O1,NC(=O)C1=CN([C@@H]2O[C@H](COP(=O)(O)OP(=O)(O)OC[C@H]3O[C@@H](n4cnc5c(N)ncnc54)[C@H](OP(=O)(O)O)[C@@H]3O)[C@@H](O)[C@H]2O)C=CC1.O=C1CC(O)C(=C(O)Cc2ccccc2)O1.O=O >> NC(=O)c1ccc[n+]([C@@H]2O[C@H](COP(=O)(O)OP(=O)(O)OC[C@H]3O[C@@H](n4cnc5c(N)ncnc54)[C@H](OP(=O)(O)O)[C@@H]3O)[C@@H](O)[C@H]2O)c1.O.O=C1CC(O)C(=C(O)Cc2ccc(O)cc2)O1,rule0004_10,No_Thermo,Enzymatic
O=C1CC(O)C(=CC(O)c2ccccc2)O1,O.O=C1CC2OC(c3ccccc3)C=C2O1,O=C1CC(O)C(=CC(O)c2ccccc2)O1 >> O.O=C1CC2OC(c3ccccc3)C=C2O1,rule0032_17,No_Thermo,Enzymatic
O=C(O)CC(=O)C(O)=CCc1ccccc1,O=C(O)CC(=O)C(=CO)Cc1ccccc1,O=C(O)CC(=O)C(O)=CCc1ccccc1 >> O=C(O)CC(=O)C(=CO)Cc1ccccc1,rule0028_47,No_Thermo,Enzymatic
NC(=O)C1=CN([C@@H]2O[C@H](COP(=O)(O)OP(=O)(O)OC[C@H]3O[C@@H](n4cnc5c(N)ncnc54)[C@H](OP(=O)(O)O)[C@@H]3O)[C@@H](O)[C@H]2O)C=CC1.O=C1CC(=O)C2(O1)OC2Cc1ccccc1.O=O,NC(=O)c1ccc[n+]([C@@H]2O[C@H](COP(=O)(O)OP(=O)(O)OC[C@H]3O[C@@H](n4cnc5c(N)ncnc54)[C@H](OP(=O)(O)O)[C@@H]3O)[C@@H](O)[C@H]2O)c1.O.O=C1CC(=O)C2(O1)OC2Cc1ccc(O)cc1,NC(=O)C1=CN([C@@H]2O[C@H](COP(=O)(O)OP(=O)(O)OC[C@H]3O[C@@H](n4cnc5c(N)ncnc54)[C@H](OP(=O)(O)O)[C@@H]3O)[C@@H](O)[C@H]2O)C=CC1.O=C1CC(=O)C2(O1)OC2Cc1ccccc1.O=O >> NC(=O)c1ccc[n+]([C@@H]2O[C@H](COP(=O)(O)OP(=O)(O)OC[C@H]3O[C@@H](n4cnc5c(N)ncnc54)[C@H](OP(=O)(O)O)[C@@H]3O)[C@@H](O)[C@H]2O)c1.O.O=C1CC(=O)C2(O1)OC2Cc1ccc(O)cc1,rule0004_10,No_Thermo,Enzymatic
NC(=O)C1=CN([C@@H]2O[C@H](COP(=O)(O)OP(=O)(O)OC[C@H]3O[C@@H](n4cnc5c(N)ncnc54)[C@H](OP(=O)(O)O)[C@@H]3O)[C@@H](O)[C@H]2O)C=CC1.O=O.Oc1ccccc1,NC(=O)c1ccc[n+]([C@@H]2O[C@H](COP(=O)(O)OP(=O)(O)OC[C@H]3O[C@@H](n4cnc5c(N)ncnc54)[C@H](OP(=O)(O)O)[C@@H]3O)[C@@H](O)[C@H]2O)c1.O.OC12C=CC=CC1O2,NC(=O)C1=CN([C@@H]2O[C@H](COP(=O)(O)OP(=O)(O)OC[C@H]3O[C@@H](n4cnc5c(N)ncnc54)[C@H](OP(=O)(O)O)[C@@H]3O)[C@@H](O)[C@H]2O)C=CC1.O=O.Oc1ccccc1 >> NC(=O)c1ccc[n+]([C@@H]2O[C@H](COP(=O)(O)OP(=O)(O)OC[C@H]3O[C@@H](n4cnc5c(N)ncnc54)[C@H](OP(=O)(O)O)[C@@H]3O)[C@@H](O)[C@H]2O)c1.O.OC12C=CC=CC1O2,rule0951_1,No_Thermo,Enzymatic
O.O=C1CC(=O)C(=CC(O)c2ccccc2)O1,O=C(O)CC(=O)C(O)=CC(O)c1ccccc1,O.O=C1CC(=O)C(=CC(O)c2ccccc2)O1 >> O=C(O)CC(=O)C(O)=CC(O)c1ccccc1,rule0035_7,No_Thermo,Enzymatic
NC(=O)c1ccc[n+]([C@@H]2O[C@H](COP(=O)(O)OP(=O)(O)OC[C@H]3O[C@@H](n4cnc5c(N)ncnc54)[C@H](OP(=O)(O)O)[C@@H]3O)[C@@H](O)[C@H]2O)c1.O.O=C1CC(O)OC1=C(O)Cc1ccccc1,CC(=C1OC(O)CC1=O)c1ccccc1.NC(=O)C1=CN([C@@H]2O[C@H](COP(=O)(O)OP(=O)(O)OC[C@H]3O[C@@H](n4cnc5c(N)ncnc54)[C@H](OP(=O)(O)O)[C@@H]3O)[C@@H](O)[C@H]2O)C=CC1.O=O,NC(=O)c1ccc[n+]([C@@H]2O[C@H](COP(=O)(O)OP(=O)(O)OC[C@H]3O[C@@H](n4cnc5c(N)ncnc54)[C@H](OP(=O)(O)O)[C@@H]3O)[C@@H](O)[C@H]2O)c1.O.O=C1CC(O)OC1=C(O)Cc1ccccc1 >> CC(=C1OC(O)CC1=O)c1ccccc1.NC(=O)C1=CN([C@@H]2O[C@H](COP(=O)(O)OP(=O)(O)OC[C@H]3O[C@@H](n4cnc5c(N)ncnc54)[C@H](OP(=O)(O)O)[C@@H]3O)[C@@H](O)[C@H]2O)C=CC1.O=O,rule0523_2,No_Thermo,Enzymatic
O.O=C1CC(=O)C(=CCC23C=CC=CC2O3)O1,O=C1CC(O)C(=CC(O)C23C=CC=CC2O3)O1,O.O=C1CC(=O)C(=CCC23C=CC=CC2O3)O1 >> O=C1CC(O)C(=CC(O)C23C=CC=CC2O3)O1,rule0070_6,No_Thermo,Enzymatic
NC(=O)C1=CN([C@@H]2O[C@H](COP(=O)(O)OP(=O)(O)OC[C@H]3O[C@@H](n4cnc5c(N)ncnc54)[C@H](OP(=O)(O)O)[C@@H]3O)[C@@H](O)[C@H]2O)C=CC1.O=C(O)CC(=O)C(O)=CCc1ccccc1.O=O,NC(=O)c1ccc[n+]([C@@H]2O[C@H](COP(=O)(O)OP(=O)(O)OC[C@H]3O[C@@H](n4cnc5c(N)ncnc54)[C@H](OP(=O)(O)O)[C@@H]3O)[C@@H](O)[C@H]2O)c1.O.O=C(O)CC(=O)C(O)=CCc1ccccc1O,NC(=O)C1=CN([C@@H]2O[C@H](COP(=O)(O)OP(=O)(O)OC[C@H]3O[C@@H](n4cnc5c(N)ncnc54)[C@H](OP(=O)(O)O)[C@@H]3O)[C@@H](O)[C@H]2O)C=CC1.O=C(O)CC(=O)C(O)=CCc1ccccc1.O=O >> NC(=O)c1ccc[n+]([C@@H]2O[C@H](COP(=O)(O)OP(=O)(O)OC[C@H]3O[C@@H](n4cnc5c(N)ncnc54)[C@H](OP(=O)(O)O)[C@@H]3O)[C@@H](O)[C@H]2O)c1.O.O=C(O)CC(=O)C(O)=CCc1ccccc1O,rule0004_10,No_Thermo,Enzymatic
O=C(O)CC(=O)C(O)=CCc1ccccc1,Cc1ccc(C=C(O)C(=O)CC(=O)O)cc1,O=C(O)CC(=O)C(O)=CCc1ccccc1 >> Cc1ccc(C=C(O)C(=O)CC(=O)O)cc1,rule0028_51,No_Thermo,Enzymatic
OO.Oc1ccccc1,O.Oc1ccc(O)cc1,OO.Oc1ccccc1 >> O.Oc1ccc(O)cc1,rule1165_2,No_Thermo,Enzymatic
O.O=C1CC(=O)C(=CCC2=CC=CC3OC23)O1,O=C1CC(O)OC1=C(O)CC1=CC=CC2OC12,O.O=C1CC(=O)C(=CCC2=CC=CC3OC23)O1 >> O=C1CC(O)OC1=C(O)CC1=CC=CC2OC12,rule0070_6,No_Thermo,Enzymatic
NC(=O)C1=CN([C@@H]2O[C@H](COP(=O)(O)OP(=O)(O)OC[C@H]3O[C@@H](n4cnc5c(N)ncnc54)[C@H](OP(=O)(O)O)[C@@H]3O)[C@@H](O)[C@H]2O)C=CC1.O=C1CC(=O)C2(O1)OC2Cc1ccccc1.O=O,NC(=O)c1ccc[n+]([C@@H]2O[C@H](COP(=O)(O)OP(=O)(O)OC[C@H]3O[C@@H](n4cnc5c(N)ncnc54)[C@H](OP(=O)(O)O)[C@@H]3O)[C@@H](O)[C@H]2O)c1.O.O=C1CC(=O)C2(O1)OC2CC12C=CC=CC1O2,NC(=O)C1=CN([C@@H]2O[C@H](COP(=O)(O)OP(=O)(O)OC[C@H]3O[C@@H](n4cnc5c(N)ncnc54)[C@H](OP(=O)(O)O)[C@@H]3O)[C@@H](O)[C@H]2O)C=CC1.O=C1CC(=O)C2(O1)OC2Cc1ccccc1.O=O >> NC(=O)c1ccc[n+]([C@@H]2O[C@H](COP(=O)(O)OP(=O)(O)OC[C@H]3O[C@@H](n4cnc5c(N)ncnc54)[C@H](OP(=O)(O)O)[C@@H]3O)[C@@H](O)[C@H]2O)c1.O.O=C1CC(=O)C2(O1)OC2CC12C=CC=CC1O2,rule0951_1,No_Thermo,Enzymatic
NC(=O)c1ccc[n+]([C@@H]2O[C@H](COP(=O)(O)OP(=O)(O)OC[C@H]3O[C@@H](n4cnc5c(N)ncnc54)[C@H](OP(=O)(O)O)[C@@H]3O)[C@@H](O)[C@H]2O)c1.O.O=C1CC(=O)C2(O1)OC2Cc1ccccc1,NC(=O)C1=CN([C@@H]2O[C@H](COP(=O)(O)OP(=O)(O)OC[C@H]3O[C@@H](n4cnc5c(N)ncnc54)[C@H](OP(=O)(O)O)[C@@H]3O)[C@@H](O)[C@H]2O)C=CC1.O=C1CC(=O)C(=CCc2ccccc2)O1.O=O,NC(=O)c1ccc[n+]([C@@H]2O[C@H](COP(=O)(O)OP(=O)(O)OC[C@H]3O[C@@H](n4cnc5c(N)ncnc54)[C@H](OP(=O)(O)O)[C@@H]3O)[C@@H](O)[C@H]2O)c1.O.O=C1CC(=O)C2(O1)OC2Cc1ccccc1 >> NC(=O)C1=CN([C@@H]2O[C@H](COP(=O)(O)OP(=O)(O)OC[C@H]3O[C@@H](n4cnc5c(N)ncnc54)[C@H](OP(=O)(O)O)[C@@H]3O)[C@@H](O)[C@H]2O)C=CC1.O=C1CC(=O)C(=CCc2ccccc2)O1.O=O,rule0068_1,No_Thermo,Enzymatic
NC(=O)C1=CN([C@@H]2O[C@H](COP(=O)(O)OP(=O)(O)OC[C@H]3O[C@@H](n4cnc5c(N)ncnc54)[C@H](OP(=O)(O)O)[C@@H]3O)[C@@H](O)[C@H]2O)C=CC1.O=C1CC(O)OC1=C(O)Cc1ccccc1.O=O,NC(=O)c1ccc[n+]([C@@H]2O[C@H](COP(=O)(O)OP(=O)(O)OC[C@H]3O[C@@H](n4cnc5c(N)ncnc54)[C@H](OP(=O)(O)O)[C@@H]3O)[C@@H](O)[C@H]2O)c1.O.O=C1CC(O)OC1=C(O)CC1=CC2OC2C=C1,NC(=O)C1=CN([C@@H]2O[C@H](COP(=O)(O)OP(=O)(O)OC[C@H]3O[C@@H](n4cnc5c(N)ncnc54)[C@H](OP(=O)(O)O)[C@@H]3O)[C@@H](O)[C@H]2O)C=CC1.O=C1CC(O)OC1=C(O)Cc1ccccc1.O=O >> NC(=O)c1ccc[n+]([C@@H]2O[C@H](COP(=O)(O)OP(=O)(O)OC[C@H]3O[C@@H](n4cnc5c(N)ncnc54)[C@H](OP(=O)(O)O)[C@@H]3O)[C@@H](O)[C@H]2O)c1.O.O=C1CC(O)OC1=C(O)CC1=CC2OC2C=C1,rule0951_1,No_Thermo,Enzymatic
NC(=O)C1=CN([C@@H]2O[C@H](COP(=O)(O)OP(=O)(O)OC[C@H]3O[C@@H](n4cnc5c(N)ncnc54)[C@H](OP(=O)(O)O)[C@@H]3O)[C@@H](O)[C@H]2O)C=CC1.O=C1CC(O)C(=C(O)Cc2ccccc2)O1.O=O,NC(=O)c1ccc[n+]([C@@H]2O[C@H](COP(=O)(O)OP(=O)(O)OC[C@H]3O[C@@H](n4cnc5c(N)ncnc54)[C@H](OP(=O)(O)O)[C@@H]3O)[C@@H](O)[C@H]2O)c1.O.O=C1CC(O)C(=C(O)Cc2ccccc2O)O1,NC(=O)C1=CN([C@@H]2O[C@H](COP(=O)(O)OP(=O)(O)OC[C@H]3O[C@@H](n4cnc5c(N)ncnc54)[C@H](OP(=O)(O)O)[C@@H]3O)[C@@H](O)[C@H]2O)C=CC1.O=C1CC(O)C(=C(O)Cc2ccccc2)O1.O=O >> NC(=O)c1ccc[n+]([C@@H]2O[C@H](COP(=O)(O)OP(=O)(O)OC[C@H]3O[C@@H](n4cnc5c(N)ncnc54)[C@H](OP(=O)(O)O)[C@@H]3O)[C@@H](O)[C@H]2O)c1.O.O=C1CC(O)C(=C(O)Cc2ccccc2O)O1,rule0004_10,No_Thermo,Enzymatic
O=C1CC(=O)C(=CCC2=CC3OC3C=C2)O1,O=C1CC(=O)C(=CCC2=CC=CC3OC23)O1,O=C1CC(=O)C(=CCC2=CC3OC3C=C2)O1 >> O=C1CC(=O)C(=CCC2=CC=CC3OC23)O1,rule0028_51,No_Thermo,Enzymatic
NC(=O)C1=CN([C@@H]2O[C@H](COP(=O)(O)OP(=O)(O)OC[C@H]3O[C@@H](n4cnc5c(N)ncnc54)[C@H](OP(=O)(O)O)[C@@H]3O)[C@@H](O)[C@H]2O)C=CC1.O=C(O)CC(=O)C(O)=CCc1ccccc1,NC(=O)c1ccc[n+]([C@@H]2O[C@H](COP(=O)(O)OP(=O)(O)OC[C@H]3O[C@@H](n4cnc5c(N)ncnc54)[C@H](OP(=O)(O)O)[C@@H]3O)[C@@H](O)[C@H]2O)c1.O.O=CCC(=O)C(O)=CCc1ccccc1,NC(=O)C1=CN([C@@H]2O[C@H](COP(=O)(O)OP(=O)(O)OC[C@H]3O[C@@H](n4cnc5c(N)ncnc54)[C@H](OP(=O)(O)O)[C@@H]3O)[C@@H](O)[C@H]2O)C=CC1.O=C(O)CC(=O)C(O)=CCc1ccccc1 >> NC(=O)c1ccc[n+]([C@@H]2O[C@H](COP(=O)(O)OP(=O)(O)OC[C@H]3O[C@@H](n4cnc5c(N)ncnc54)[C@H](OP(=O)(O)O)[C@@H]3O)[C@@H](O)[C@H]2O)c1.O.O=CCC(=O)C(O)=CCc1ccccc1,rule0025_34,No_Thermo,Enzymatic
CC=C1OC(=O)CC1=O.NC(=O)C1=CN([C@@H]2O[C@H](COP(=O)(O)OP(=O)(O)OC[C@H]3O[C@@H](n4cnc5c(N)ncnc54)[C@H](OP(=O)(O)O)[C@@H]3O)[C@@H](O)[C@H]2O)C=CC1.O=O,NC(=O)c1ccc[n+]([C@@H]2O[C@H](COP(=O)(O)OP(=O)(O)OC[C@H]3O[C@@H](n4cnc5c(N)ncnc54)[C@H](OP(=O)(O)O)[C@@H]3O)[C@@H](O)[C@H]2O)c1.O.O=C1CC(=O)C(=CCO)O1,CC=C1OC(=O)CC1=O.NC(=O)C1=CN([C@@H]2O[C@H](COP(=O)(O)OP(=O)(O)OC[C@H]3O[C@@H](n4cnc5c(N)ncnc54)[C@H](OP(=O)(O)O)[C@@H]3O)[C@@H](O)[C@H]2O)C=CC1.O=O >> NC(=O)c1ccc[n+]([C@@H]2O[C@H](COP(=O)(O)OP(=O)(O)OC[C@H]3O[C@@H](n4cnc5c(N)ncnc54)[C@H](OP(=O)(O)O)[C@@H]3O)[C@@H](O)[C@H]2O)c1.O.O=C1CC(=O)C(=CCO)O1,rule0004_13,No_Thermo,Enzymatic
NC(=O)C1=CN([C@@H]2O[C@H](COP(=O)(O)OP(=O)(O)OC[C@H]3O[C@@H](n4cnc5c(N)ncnc54)[C@H](OP(=O)(O)O)[C@@H]3O)[C@@H](O)[C@H]2O)C=CC1.O=C1CC(O)C(=C(O)Cc2ccccc2)O1.O=O,NC(=O)c1ccc[n+]([C@@H]2O[C@H](COP(=O)(O)OP(=O)(O)OC[C@H]3O[C@@H](n4cnc5c(N)ncnc54)[C@H](OP(=O)(O)O)[C@@H]3O)[C@@H](O)[C@H]2O)c1.O.O=C1CC(O)C(=C(O)CC23C=CC=CC2O3)O1,NC(=O)C1=CN([C@@H]2O[C@H](COP(=O)(O)OP(=O)(O)OC[C@H]3O[C@@H](n4cnc5c(N)ncnc54)[C@H](OP(=O)(O)O)[C@@H]3O)[C@@H](O)[C@H]2O)C=CC1.O=C1CC(O)C(=C(O)Cc2ccccc2)O1.O=O >> NC(=O)c1ccc[n+]([C@@H]2O[C@H](COP(=O)(O)OP(=O)(O)OC[C@H]3O[C@@H](n4cnc5c(N)ncnc54)[C@H](OP(=O)(O)O)[C@@H]3O)[C@@H](O)[C@H]2O)c1.O.O=C1CC(O)C(=C(O)CC23C=CC=CC2O3)O1,rule0951_1,No_Thermo,Enzymatic
NC(=O)C1=CN([C@@H]2O[C@H](COP(=O)(O)OP(=O)(O)OC[C@H]3O[C@@H](n4cnc5c(N)ncnc54)[C@H](OP(=O)(O)O)[C@@H]3O)[C@@H](O)[C@H]2O)C=CC1.O=O.Oc1ccccc1,NC(=O)c1ccc[n+]([C@@H]2O[C@H](COP(=O)(O)OP(=O)(O)OC[C@H]3O[C@@H](n4cnc5c(N)ncnc54)[C@H](OP(=O)(O)O)[C@@H]3O)[C@@H](O)[C@H]2O)c1.O.OC1=CC2OC2C=C1,NC(=O)C1=CN([C@@H]2O[C@H](COP(=O)(O)OP(=O)(O)OC[C@H]3O[C@@H](n4cnc5c(N)ncnc54)[C@H](OP(=O)(O)O)[C@@H]3O)[C@@H](O)[C@H]2O)C=CC1.O=O.Oc1ccccc1 >> NC(=O)c1ccc[n+]([C@@H]2O[C@H](COP(=O)(O)OP(=O)(O)OC[C@H]3O[C@@H](n4cnc5c(N)ncnc54)[C@H](OP(=O)(O)O)[C@@H]3O)[C@@H](O)[C@H]2O)c1.O.OC1=CC2OC2C=C1,rule0951_1,No_Thermo,Enzymatic
O.O=C1CC(O)C(=CC(O)c2ccccc2)O1,O=C(O)CC(O)C(O)=CC(O)c1ccccc1,O.O=C1CC(O)C(=CC(O)c2ccccc2)O1 >> O=C(O)CC(O)C(O)=CC(O)c1ccccc1,rule0035_7,No_Thermo,Enzymatic
O=C1CC(=O)C(=CCC2=CC=CC3OC23)O1,CC1=CC=CC2(C=C3OC(=O)CC3=O)OC12,O=C1CC(=O)C(=CCC2=CC=CC3OC23)O1 >> CC1=CC=CC2(C=C3OC(=O)CC3=O)OC12,rule0028_51,No_Thermo,Enzymatic
O=C1CC(=O)C(O)(CCc2ccccc2)O1,Cc1ccc(CC2(O)OC(=O)CC2=O)cc1,O=C1CC(=O)C(O)(CCc2ccccc2)O1 >> Cc1ccc(CC2(O)OC(=O)CC2=O)cc1,rule0028_51,No_Thermo,Enzymatic
O=C(O)CC(=O)C(O)=CCc1ccccc1,O=C1CC(O)Oc2ccc(cc2)CC=C1O,O=C(O)CC(=O)C(O)=CCc1ccccc1 >> O=C1CC(O)Oc2ccc(cc2)CC=C1O,rule0169_1,No_Thermo,Enzymatic
Cc1ccc(C=C2OC(=O)CC2=O)cc1.OO,Cc1ccc(C=C2OC(=O)CC2=O)c(O)c1.O,Cc1ccc(C=C2OC(=O)CC2=O)cc1.OO >> Cc1ccc(C=C2OC(=O)CC2=O)c(O)c1.O,rule1165_2,No_Thermo,Enzymatic
O.O=C1CC(=O)C(=CCC2=CC3OC3C=C2)O1,O=C1CC(O)C(=C(O)CC2=CC3OC3C=C2)O1,O.O=C1CC(=O)C(=CCC2=CC3OC3C=C2)O1 >> O=C1CC(O)C(=C(O)CC2=CC3OC3C=C2)O1,rule0070_6,No_Thermo,Enzymatic
O=C1CC(=O)C(=CCc2ccccc2)O1.OO,O.O=C1CC(=O)C(=CC(O)c2ccccc2)O1,O=C1CC(=O)C(=CCc2ccccc2)O1.OO >> O.O=C1CC(=O)C(=CC(O)c2ccccc2)O1,rule1165_1,No_Thermo,Enzymatic
O.O=C1CC(O)C(=CC(O)c2ccccc2)O1,O=C1CC(O)C(O)(CC(O)c2ccccc2)O1,O.O=C1CC(O)C(=CC(O)c2ccccc2)O1 >> O=C1CC(O)C(O)(CC(O)c2ccccc2)O1,rule0020_19,No_Thermo,Enzymatic
Cc1ccc(C=C2OC(=O)CC2=O)cc1.NC(=O)C1=CN([C@@H]2O[C@H](COP(=O)(O)OP(=O)(O)OC[C@H]3O[C@@H](n4cnc5c(N)ncnc54)[C@H](OP(=O)(O)O)[C@@H]3O)[C@@H](O)[C@H]2O)C=CC1.O=O,CC1=CC=C(C=C2OC(=O)CC2=O)C(O)C1O.NC(=O)c1ccc[n+]([C@@H]2O[C@H](COP(=O)(O)OP(=O)(O)OC[C@H]3O[C@@H](n4cnc5c(N)ncnc54)[C@H](OP(=O)(O)O)[C@@H]3O)[C@@H](O)[C@H]2O)c1,Cc1ccc(C=C2OC(=O)CC2=O)cc1.NC(=O)C1=CN([C@@H]2O[C@H](COP(=O)(O)OP(=O)(O)OC[C@H]3O[C@@H](n4cnc5c(N)ncnc54)[C@H](OP(=O)(O)O)[C@@H]3O)[C@@H](O)[C@H]2O)C=CC1.O=O >> CC1=CC=C(C=C2OC(=O)CC2=O)C(O)C1O.NC(=O)c1ccc[n+]([C@@H]2O[C@H](COP(=O)(O)OP(=O)(O)OC[C@H]3O[C@@H](n4cnc5c(N)ncnc54)[C@H](OP(=O)(O)O)[C@@H]3O)[C@@H](O)[C@H]2O)c1,rule0094_1,No_Thermo,Enzymatic
NC(=O)c1ccc[n+]([C@@H]2O[C@H](COP(=O)(O)OP(=O)(O)OC[C@H]3O[C@@H](n4cnc5c(N)ncnc54)[C@H](OP(=O)(O)O)[C@@H]3O)[C@@H](O)[C@H]2O)c1.O.O=C1CC(=O)C(=CCc2cccc(O)c2)O1,NC(=O)C1=CN([C@@H]2O[C@H](COP(=O)(O)OP(=O)(O)OC[C@H]3O[C@@H](n4cnc5c(N)ncnc54)[C@H](OP(=O)(O)O)[C@@H]3O)[C@@H](O)[C@H]2O)C=CC1.O=C1CC(=O)C(=CCc2ccccc2)O1.O=O,NC(=O)c1ccc[n+]([C@@H]2O[C@H](COP(=O)(O)OP(=O)(O)OC[C@H]3O[C@@H](n4cnc5c(N)ncnc54)[C@H](OP(=O)(O)O)[C@@H]3O)[C@@H](O)[C@H]2O)c1.O.O=C1CC(=O)C(=CCc2cccc(O)c2)O1 >> NC(=O)C1=CN([C@@H]2O[C@H](COP(=O)(O)OP(=O)(O)OC[C@H]3O[C@@H](n4cnc5c(N)ncnc54)[C@H](OP(=O)(O)O)[C@@H]3O)[C@@H](O)[C@H]2O)C=CC1.O=C1CC(=O)C(=CCc2ccccc2)O1.O=O,rule0005_41,No_Thermo,Enzymatic
Cc1cccc(C=C2OC(=O)CC2=O)c1.NC(=O)C1=CN([C@@H]2O[C@H](COP(=O)(O)OP(=O)(O)OC[C@H]3O[C@@H](n4cnc5c(N)ncnc54)[C@H](OP(=O)(O)O)[C@@H]3O)[C@@H](O)[C@H]2O)C=CC1.O=O,Cc1ccc(O)c(C=C2OC(=O)CC2=O)c1.NC(=O)c1ccc[n+]([C@@H]2O[C@H](COP(=O)(O)OP(=O)(O)OC[C@H]3O[C@@H](n4cnc5c(N)ncnc54)[C@H](OP(=O)(O)O)[C@@H]3O)[C@@H](O)[C@H]2O)c1.O,Cc1cccc(C=C2OC(=O)CC2=O)c1.NC(=O)C1=CN([C@@H]2O[C@H](COP(=O)(O)OP(=O)(O)OC[C@H]3O[C@@H](n4cnc5c(N)ncnc54)[C@H](OP(=O)(O)O)[C@@H]3O)[C@@H](O)[C@H]2O)C=CC1.O=O >> Cc1ccc(O)c(C=C2OC(=O)CC2=O)c1.NC(=O)c1ccc[n+]([C@@H]2O[C@H](COP(=O)(O)OP(=O)(O)OC[C@H]3O[C@@H](n4cnc5c(N)ncnc54)[C@H](OP(=O)(O)O)[C@@H]3O)[C@@H](O)[C@H]2O)c1.O,rule0004_10,No_Thermo,Enzymatic
O=C1CC(=O)C(=CCC2=CC=CC3OC23)O1,CC1=CC=C(C=C2OC(=O)CC2=O)C2OC12,O=C1CC(=O)C(=CCC2=CC=CC3OC23)O1 >> CC1=CC=C(C=C2OC(=O)CC2=O)C2OC12,rule0028_51,No_Thermo,Enzymatic
O=C1CC(=O)C(=CCc2ccccc2O)O1.OO,O.O=C1CC(=O)C(=CC(O)c2ccccc2O)O1,O=C1CC(=O)C(=CCc2ccccc2O)O1.OO >> O.O=C1CC(=O)C(=CC(O)c2ccccc2O)O1,rule1165_1,No_Thermo,Enzymatic
O=C(O)CC(=O)C(O)=CCc1ccccc1,CC(=O)C(O)=CCc1ccc(C(=O)O)cc1,O=C(O)CC(=O)C(O)=CCc1ccccc1 >> CC(=O)C(O)=CCc1ccc(C(=O)O)cc1,rule0028_50,No_Thermo,Enzymatic
O=C1CC(O)OC1=C(O)Cc1ccccc1.OO,O.O=C1CC(O)OC1=C(O)Cc1ccccc1O,O=C1CC(O)OC1=C(O)Cc1ccccc1.OO >> O.O=C1CC(O)OC1=C(O)Cc1ccccc1O,rule1165_2,No_Thermo,Enzymatic
NC(=O)C1=CN([C@@H]2O[C@H](COP(=O)(O)OP(=O)(O)OC[C@H]3O[C@@H](n4cnc5c(N)ncnc54)[C@H](OP(=O)(O)O)[C@@H]3O)[C@@H](O)[C@H]2O)C=CC1.O=C1CC(=O)C(=CCc2ccc(O)cc2)O1.O=O,NC(=O)c1ccc[n+]([C@@H]2O[C@H](COP(=O)(O)OP(=O)(O)OC[C@H]3O[C@@H](n4cnc5c(N)ncnc54)[C@H](OP(=O)(O)O)[C@@H]3O)[C@@H](O)[C@H]2O)c1.O.O=C1CC(=O)C(=CCC23C=CC(O)=CC2O3)O1,NC(=O)C1=CN([C@@H]2O[C@H](COP(=O)(O)OP(=O)(O)OC[C@H]3O[C@@H](n4cnc5c(N)ncnc54)[C@H](OP(=O)(O)O)[C@@H]3O)[C@@H](O)[C@H]2O)C=CC1.O=C1CC(=O)C(=CCc2ccc(O)cc2)O1.O=O >> NC(=O)c1ccc[n+]([C@@H]2O[C@H](COP(=O)(O)OP(=O)(O)OC[C@H]3O[C@@H](n4cnc5c(N)ncnc54)[C@H](OP(=O)(O)O)[C@@H]3O)[C@@H](O)[C@H]2O)c1.O.O=C1CC(=O)C(=CCC23C=CC(O)=CC2O3)O1,rule0951_1,No_Thermo,Enzymatic
O=C1CC(=O)C(=CCC2=CC=CC3OC23)O1,O=C1CC(=O)C(=CCC2=CC3OC3C=C2)O1,O=C1CC(=O)C(=CCC2=CC=CC3OC23)O1 >> O=C1CC(=O)C(=CCC2=CC3OC3C=C2)O1,rule0028_51,No_Thermo,Enzymatic
O=C1CC(=O)C(=CCc2cccc(O)c2)O1,O=C1CC(=O)C(=CCc2ccccc2O)O1,O=C1CC(=O)C(=CCc2cccc(O)c2)O1 >> O=C1CC(=O)C(=CCc2ccccc2O)O1,rule0028_44,No_Thermo,Enzymatic
O=C1CC(=O)C(=CCc2ccccc2O)O1,O=C1CC(=O)C(=CCc2cccc(O)c2)O1,O=C1CC(=O)C(=CCc2ccccc2O)O1 >> O=C1CC(=O)C(=CCc2cccc(O)c2)O1,rule0028_44,No_Thermo,Enzymatic
O=C(O)CC(=O)C(O)=CCc1ccccc1,O.O=C1CC(=O)C(Cc2ccccc2)=C1O,O=C(O)CC(=O)C(O)=CCc1ccccc1 >> O.O=C1CC(=O)C(Cc2ccccc2)=C1O,rule0245_1,No_Thermo,Enzymatic
O.O=C1CC(=O)C(=CCC2=CC=CC3OC23)O1,O=C1CC(=O)C(O)(CCC2=CC=CC3OC23)O1,O.O=C1CC(=O)C(=CCC2=CC=CC3OC23)O1 >> O=C1CC(=O)C(O)(CCC2=CC=CC3OC23)O1,rule0020_19,No_Thermo,Enzymatic
NC(=O)c1ccc[n+]([C@@H]2O[C@H](COP(=O)(O)OP(=O)(O)OC[C@H]3O[C@@H](n4cnc5c(N)ncnc54)[C@H](OP(=O)(O)O)[C@@H]3O)[C@@H](O)[C@H]2O)c1.O.O=C1CC(=O)C(=CCc2ccc(O)cc2)O1,NC(=O)C1=CN([C@@H]2O[C@H](COP(=O)(O)OP(=O)(O)OC[C@H]3O[C@@H](n4cnc5c(N)ncnc54)[C@H](OP(=O)(O)O)[C@@H]3O)[C@@H](O)[C@H]2O)C=CC1.O=C1CC(=O)C(=CCc2ccccc2)O1.O=O,NC(=O)c1ccc[n+]([C@@H]2O[C@H](COP(=O)(O)OP(=O)(O)OC[C@H]3O[C@@H](n4cnc5c(N)ncnc54)[C@H](OP(=O)(O)O)[C@@H]3O)[C@@H](O)[C@H]2O)c1.O.O=C1CC(=O)C(=CCc2ccc(O)cc2)O1 >> NC(=O)C1=CN([C@@H]2O[C@H](COP(=O)(O)OP(=O)(O)OC[C@H]3O[C@@H](n4cnc5c(N)ncnc54)[C@H](OP(=O)(O)O)[C@@H]3O)[C@@H](O)[C@H]2O)C=CC1.O=C1CC(=O)C(=CCc2ccccc2)O1.O=O,rule0005_57,No_Thermo,Enzymatic
O.O=C1CC(=O)C(=CCC2=CC3OC3C=C2)O1,O=C1CC(O)OC1=C(O)CC1=CC2OC2C=C1,O.O=C1CC(=O)C(=CCC2=CC3OC3C=C2)O1 >> O=C1CC(O)OC1=C(O)CC1=CC2OC2C=C1,rule0070_6,No_Thermo,Enzymatic
O=C1CC(=O)C(=CC(O)c2ccccc2)O1,C=C1OC(=O)CC1=O.O=Cc1ccccc1,O=C1CC(=O)C(=CC(O)c2ccccc2)O1 >> C=C1OC(=O)CC1=O.O=Cc1ccccc1,rule0053_13,No_Thermo,Enzymatic
CC=C1OC(=O)CC1=O.O=C=O,CC(C(=O)O)=C1OC(=O)CC1=O,CC=C1OC(=O)CC1=O.O=C=O >> CC(C(=O)O)=C1OC(=O)CC1=O,rule0023_20,No_Thermo,Enzymatic
O=C1CC(O)OC1=CC(O)c1ccccc1,O=C1CC(O)OC1=Cc1ccc(CO)cc1,O=C1CC(O)OC1=CC(O)c1ccccc1 >> O=C1CC(O)OC1=Cc1ccc(CO)cc1,rule0028_51,No_Thermo,Enzymatic
Cc1ccc(C=C2OC(=O)CC2=O)cc1.NC(=O)C1=CN([C@@H]2O[C@H](COP(=O)(O)OP(=O)(O)OC[C@H]3O[C@@H](n4cnc5c(N)ncnc54)[C@H](OP(=O)(O)O)[C@@H]3O)[C@@H](O)[C@H]2O)C=CC1.O=O,CC1=CC=C(C=C2OC(=O)CC2=O)C2OC12.NC(=O)c1ccc[n+]([C@@H]2O[C@H](COP(=O)(O)OP(=O)(O)OC[C@H]3O[C@@H](n4cnc5c(N)ncnc54)[C@H](OP(=O)(O)O)[C@@H]3O)[C@@H](O)[C@H]2O)c1.O,Cc1ccc(C=C2OC(=O)CC2=O)cc1.NC(=O)C1=CN([C@@H]2O[C@H](COP(=O)(O)OP(=O)(O)OC[C@H]3O[C@@H](n4cnc5c(N)ncnc54)[C@H](OP(=O)(O)O)[C@@H]3O)[C@@H](O)[C@H]2O)C=CC1.O=O >> CC1=CC=C(C=C2OC(=O)CC2=O)C2OC12.NC(=O)c1ccc[n+]([C@@H]2O[C@H](COP(=O)(O)OP(=O)(O)OC[C@H]3O[C@@H](n4cnc5c(N)ncnc54)[C@H](OP(=O)(O)O)[C@@H]3O)[C@@H](O)[C@H]2O)c1.O,rule0951_1,No_Thermo,Enzymatic
O.O=C1CC(=O)C(=CCc2ccccc2O)O1,O=C1CC(O)C(=CC(O)c2ccccc2O)O1,O.O=C1CC(=O)C(=CCc2ccccc2O)O1 >> O=C1CC(O)C(=CC(O)c2ccccc2O)O1,rule0070_6,No_Thermo,Enzymatic
O=P(O)(O)O.Oc1ccccc1,O.O=P(O)(O)Oc1ccccc1,O=P(O)(O)O.Oc1ccccc1 >> O.O=P(O)(O)Oc1ccccc1,rule0017_33,No_Thermo,Enzymatic
NC(=O)C1=CN([C@@H]2O[C@H](COP(=O)(O)OP(=O)(O)OC[C@H]3O[C@@H](n4cnc5c(N)ncnc54)[C@H](OP(=O)(O)O)[C@@H]3O)[C@@H](O)[C@H]2O)C=CC1.O=C1CC(=O)C(O)(CCc2ccccc2)O1.O=O,NC(=O)c1ccc[n+]([C@@H]2O[C@H](COP(=O)(O)OP(=O)(O)OC[C@H]3O[C@@H](n4cnc5c(N)ncnc54)[C@H](OP(=O)(O)O)[C@@H]3O)[C@@H](O)[C@H]2O)c1.O.O=C1CC(=O)C(O)(CCc2cccc(O)c2)O1,NC(=O)C1=CN([C@@H]2O[C@H](COP(=O)(O)OP(=O)(O)OC[C@H]3O[C@@H](n4cnc5c(N)ncnc54)[C@H](OP(=O)(O)O)[C@@H]3O)[C@@H](O)[C@H]2O)C=CC1.O=C1CC(=O)C(O)(CCc2ccccc2)O1.O=O >> NC(=O)c1ccc[n+]([C@@H]2O[C@H](COP(=O)(O)OP(=O)(O)OC[C@H]3O[C@@H](n4cnc5c(N)ncnc54)[C@H](OP(=O)(O)O)[C@@H]3O)[C@@H](O)[C@H]2O)c1.O.O=C1CC(=O)C(O)(CCc2cccc(O)c2)O1,rule0004_09,No_Thermo,Enzymatic
NC(=O)C1=CN([C@@H]2O[C@H](COP(=O)(O)OP(=O)(O)OC[C@H]3O[C@@H](n4cnc5c(N)ncnc54)[C@H](OP(=O)(O)O)[C@@H]3O)[C@@H](O)[C@H]2O)C=CC1.O=O.Oc1ccccc1,NC(=O)c1ccc[n+]([C@@H]2O[C@H](COP(=O)(O)OP(=O)(O)OC[C@H]3O[C@@H](n4cnc5c(N)ncnc54)[C@H](OP(=O)(O)O)[C@@H]3O)[C@@H](O)[C@H]2O)c1.O.Oc1ccccc1O,NC(=O)C1=CN([C@@H]2O[C@H](COP(=O)(O)OP(=O)(O)OC[C@H]3O[C@@H](n4cnc5c(N)ncnc54)[C@H](OP(=O)(O)O)[C@@H]3O)[C@@H](O)[C@H]2O)C=CC1.O=O.Oc1ccccc1 >> NC(=O)c1ccc[n+]([C@@H]2O[C@H](COP(=O)(O)OP(=O)(O)OC[C@H]3O[C@@H](n4cnc5c(N)ncnc54)[C@H](OP(=O)(O)O)[C@@H]3O)[C@@H](O)[C@H]2O)c1.O.Oc1ccccc1O,rule0004_10,No_Thermo,Enzymatic
O=C1CC(O)C(=C(O)Cc2ccccc2)O1,Cc1cccc(C(O)=C2OC(=O)CC2O)c1,O=C1CC(O)C(=C(O)Cc2ccccc2)O1 >> Cc1cccc(C(O)=C2OC(=O)CC2O)c1,rule0028_50,No_Thermo,Enzymatic
O=C(O)CC(=O)C(O)=CCc1ccccc1,O=C1CC(O)C(O)=CC(c2ccccc2)O1,O=C(O)CC(=O)C(O)=CCc1ccccc1 >> O=C1CC(O)C(O)=CC(c2ccccc2)O1,rule0169_1,No_Thermo,Enzymatic
O=C(O)CC(=O)C(O)=CCc1ccccc1,O=C1CC(O)C(O)=CCc2ccc(cc2)O1,O=C(O)CC(=O)C(O)=CCc1ccccc1 >> O=C1CC(O)C(O)=CCc2ccc(cc2)O1,rule0169_1,No_Thermo,Enzymatic
NC(=O)c1ccc[n+]([C@@H]2O[C@H](COP(=O)(O)OP(=O)(O)OC[C@H]3O[C@@H](n4cnc5c(N)ncnc54)[C@H](OP(=O)(O)O)[C@@H]3O)[C@@H](O)[C@H]2O)c1.O.Oc1ccccc1,NC(=O)C1=CN([C@@H]2O[C@H](COP(=O)(O)OP(=O)(O)OC[C@H]3O[C@@H](n4cnc5c(N)ncnc54)[C@H](OP(=O)(O)O)[C@@H]3O)[C@@H](O)[C@H]2O)C=CC1.O=O.c1ccccc1,NC(=O)c1ccc[n+]([C@@H]2O[C@H](COP(=O)(O)OP(=O)(O)OC[C@H]3O[C@@H](n4cnc5c(N)ncnc54)[C@H](OP(=O)(O)O)[C@@H]3O)[C@@H](O)[C@H]2O)c1.O.Oc1ccccc1 >> NC(=O)C1=CN([C@@H]2O[C@H](COP(=O)(O)OP(=O)(O)OC[C@H]3O[C@@H](n4cnc5c(N)ncnc54)[C@H](OP(=O)(O)O)[C@@H]3O)[C@@H](O)[C@H]2O)C=CC1.O=O.c1ccccc1,rule0005_57,No_Thermo,Enzymatic
O=C(O)CC(=O)C(O)=CCc1ccccc1,CC(=O)C(O)=CC(C(=O)O)c1ccccc1,O=C(O)CC(=O)C(O)=CCc1ccccc1 >> CC(=O)C(O)=CC(C(=O)O)c1ccccc1,rule0028_50,No_Thermo,Enzymatic
O=C1CC(=O)C(=C(O)Cc2ccccc2)O1,Cc1cccc(C(O)=C2OC(=O)CC2=O)c1,O=C1CC(=O)C(=C(O)Cc2ccccc2)O1 >> Cc1cccc(C(O)=C2OC(=O)CC2=O)c1,rule0028_50,No_Thermo,Enzymatic
O.O=C1CC(O)OC1=CC(O)c1ccccc1,O=C1CC(O)OC1=CCc1ccccc1.OO,O.O=C1CC(O)OC1=CC(O)c1ccccc1 >> O=C1CC(O)OC1=CCc1ccccc1.OO,rule1164_1,No_Thermo,Enzymatic
NC(=O)c1ccc[n+]([C@@H]2O[C@H](COP(=O)(O)OP(=O)(O)OC[C@H]3O[C@@H](n4cnc5c(N)ncnc54)[C@H](OP(=O)(O)O)[C@@H]3O)[C@@H](O)[C@H]2O)c1.O.O=C1CC(=O)C(=CC(O)c2ccccc2)O1,NC(=O)C1=CN([C@@H]2O[C@H](COP(=O)(O)OP(=O)(O)OC[C@H]3O[C@@H](n4cnc5c(N)ncnc54)[C@H](OP(=O)(O)O)[C@@H]3O)[C@@H](O)[C@H]2O)C=CC1.O=C1CC(=O)C(=CCc2ccccc2)O1.O=O,NC(=O)c1ccc[n+]([C@@H]2O[C@H](COP(=O)(O)OP(=O)(O)OC[C@H]3O[C@@H](n4cnc5c(N)ncnc54)[C@H](OP(=O)(O)O)[C@@H]3O)[C@@H](O)[C@H]2O)c1.O.O=C1CC(=O)C(=CC(O)c2ccccc2)O1 >> NC(=O)C1=CN([C@@H]2O[C@H](COP(=O)(O)OP(=O)(O)OC[C@H]3O[C@@H](n4cnc5c(N)ncnc54)[C@H](OP(=O)(O)O)[C@@H]3O)[C@@H](O)[C@H]2O)C=CC1.O=C1CC(=O)C(=CCc2ccccc2)O1.O=O,rule0005_61,No_Thermo,Enzymatic
O.O=C1CC(=O)C(=CCc2ccccc2)O1,CC=C1OC(=O)CC1=O.Oc1ccccc1,O.O=C1CC(=O)C(=CCc2ccccc2)O1 >> CC=C1OC(=O)CC1=O.Oc1ccccc1,rule0085_1,No_Thermo,Enzymatic
O.O=C(O)CC(=O)C(O)=CCc1ccccc1,O=C(CC(O)O)C(O)=CC(O)c1ccccc1,O.O=C(O)CC(=O)C(O)=CCc1ccccc1 >> O=C(CC(O)O)C(O)=CC(O)c1ccccc1,rule0070_6,No_Thermo,Enzymatic
O=C1CC(=O)C2(O1)OC2Cc1ccccc1.OO,O.O=C1CC(=O)C2(O1)OC2Cc1cccc(O)c1,O=C1CC(=O)C2(O1)OC2Cc1ccccc1.OO >> O.O=C1CC(=O)C2(O1)OC2Cc1cccc(O)c1,rule1165_2,No_Thermo,Enzymatic
NC(=O)C1=CN([C@@H]2O[C@H](COP(=O)(O)OP(=O)(O)OC[C@H]3O[C@@H](n4cnc5c(N)ncnc54)[C@H](OP(=O)(O)O)[C@@H]3O)[C@@H](O)[C@H]2O)C=CC1.O=C(O)CC(=O)C(O)=CCc1ccccc1.O=O,NC(=O)c1ccc[n+]([C@@H]2O[C@H](COP(=O)(O)OP(=O)(O)OC[C@H]3O[C@@H](n4cnc5c(N)ncnc54)[C@H](OP(=O)(O)O)[C@@H]3O)[C@@H](O)[C@H]2O)c1.O.O=C(O)CC(=O)C(O)=CCC1=CC2OC2C=C1,NC(=O)C1=CN([C@@H]2O[C@H](COP(=O)(O)OP(=O)(O)OC[C@H]3O[C@@H](n4cnc5c(N)ncnc54)[C@H](OP(=O)(O)O)[C@@H]3O)[C@@H](O)[C@H]2O)C=CC1.O=C(O)CC(=O)C(O)=CCc1ccccc1.O=O >> NC(=O)c1ccc[n+]([C@@H]2O[C@H](COP(=O)(O)OP(=O)(O)OC[C@H]3O[C@@H](n4cnc5c(N)ncnc54)[C@H](OP(=O)(O)O)[C@@H]3O)[C@@H](O)[C@H]2O)c1.O.O=C(O)CC(=O)C(O)=CCC1=CC2OC2C=C1,rule0951_1,No_Thermo,Enzymatic
O=C1CC(=O)C(=C(O)Cc2ccccc2)O1.OO,O.O=C1CC(=O)C(=C(O)C(O)c2ccccc2)O1,O=C1CC(=O)C(=C(O)Cc2ccccc2)O1.OO >> O.O=C1CC(=O)C(=C(O)C(O)c2ccccc2)O1,rule1165_1,No_Thermo,Enzymatic
O.O=C1CC(=O)C(=CCC2=CC3OC3C=C2)O1,O=C1CC(=O)C(=CCC2=CC(O)C(O)C=C2)O1,O.O=C1CC(=O)C(=CCC2=CC3OC3C=C2)O1 >> O=C1CC(=O)C(=CCC2=CC(O)C(O)C=C2)O1,rule0035_8,No_Thermo,Enzymatic
N.O=C(O)CC(=O)C(O)=CCc1ccccc1,NC(=O)CC(=O)C(O)=CCc1ccccc1.O,N.O=C(O)CC(=O)C(O)=CCc1ccccc1 >> NC(=O)CC(=O)C(O)=CCc1ccccc1.O,rule0055_2,No_Thermo,Enzymatic
O.O=C1CC(=O)C(=CCC2=CC3OC3C=C2)O1,O=C(O)CC(=O)C(O)=CCC1=CC2OC2C=C1,O.O=C1CC(=O)C(=CCC2=CC3OC3C=C2)O1 >> O=C(O)CC(=O)C(O)=CCC1=CC2OC2C=C1,rule0035_7,No_Thermo,Enzymatic
*C1=C(*)C(=O)C(*)=C(*)C1=O.O=C1CC(O)OC1=CC(O)c1ccccc1,*c1c(*)c(O)c(*)c(*)c1O.O=C1CC(O)OC1=CC(=O)c1ccccc1,*C1=C(*)C(=O)C(*)=C(*)C1=O.O=C1CC(O)OC1=CC(O)c1ccccc1 >> *c1c(*)c(O)c(*)c(*)c1O.O=C1CC(O)OC1=CC(=O)c1ccccc1,rule0467_8,No_Thermo,Enzymatic
NC(=O)c1ccc[n+]([C@@H]2O[C@H](COP(=O)(O)OP(=O)(O)OC[C@H]3O[C@@H](n4cnc5c(N)ncnc54)[C@H](OP(=O)(O)O)[C@@H]3O)[C@@H](O)[C@H]2O)c1.O=C1CC(=O)C(=CCC2=CC=CC(O)C2O)O1,NC(=O)C1=CN([C@@H]2O[C@H](COP(=O)(O)OP(=O)(O)OC[C@H]3O[C@@H](n4cnc5c(N)ncnc54)[C@H](OP(=O)(O)O)[C@@H]3O)[C@@H](O)[C@H]2O)C=CC1.O=C1CC(=O)C(=CCc2cccc(O)c2O)O1,NC(=O)c1ccc[n+]([C@@H]2O[C@H](COP(=O)(O)OP(=O)(O)OC[C@H]3O[C@@H](n4cnc5c(N)ncnc54)[C@H](OP(=O)(O)O)[C@@H]3O)[C@@H](O)[C@H]2O)c1.O=C1CC(=O)C(=CCC2=CC=CC(O)C2O)O1 >> NC(=O)C1=CN([C@@H]2O[C@H](COP(=O)(O)OP(=O)(O)OC[C@H]3O[C@@H](n4cnc5c(N)ncnc54)[C@H](OP(=O)(O)O)[C@@H]3O)[C@@H](O)[C@H]2O)C=CC1.O=C1CC(=O)C(=CCc2cccc(O)c2O)O1,rule0018_66,No_Thermo,Enzymatic
O=C1CC(=O)C(=CCC2=CC=CC(O)C2O)O1,CC1=C(C=C2OC(=O)CC2=O)C=CC(O)C1O,O=C1CC(=O)C(=CCC2=CC=CC(O)C2O)O1 >> CC1=C(C=C2OC(=O)CC2=O)C=CC(O)C1O,rule0028_51,No_Thermo,Enzymatic
O.O=C1CC(=O)C(=CCC2=CC=CC3OC23)O1,O=C1CC(O)C(=C(O)CC2=CC=CC3OC23)O1,O.O=C1CC(=O)C(=CCC2=CC=CC3OC23)O1 >> O=C1CC(O)C(=C(O)CC2=CC=CC3OC23)O1,rule0070_6,No_Thermo,Enzymatic
NC(=O)C1=CN([C@@H]2O[C@H](COP(=O)(O)OP(=O)(O)OC[C@H]3O[C@@H](n4cnc5c(N)ncnc54)[C@H](OP(=O)(O)O)[C@@H]3O)[C@@H](O)[C@H]2O)C=CC1.O=C1CC(O)OC1=CC(O)c1ccccc1.O=O,NC(=O)c1ccc[n+]([C@@H]2O[C@H](COP(=O)(O)OP(=O)(O)OC[C@H]3O[C@@H](n4cnc5c(N)ncnc54)[C@H](OP(=O)(O)O)[C@@H]3O)[C@@H](O)[C@H]2O)c1.O.O=C1CC(O)OC1=CC(O)c1cccc(O)c1,NC(=O)C1=CN([C@@H]2O[C@H](COP(=O)(O)OP(=O)(O)OC[C@H]3O[C@@H](n4cnc5c(N)ncnc54)[C@H](OP(=O)(O)O)[C@@H]3O)[C@@H](O)[C@H]2O)C=CC1.O=C1CC(O)OC1=CC(O)c1ccccc1.O=O >> NC(=O)c1ccc[n+]([C@@H]2O[C@H](COP(=O)(O)OP(=O)(O)OC[C@H]3O[C@@H](n4cnc5c(N)ncnc54)[C@H](OP(=O)(O)O)[C@@H]3O)[C@@H](O)[C@H]2O)c1.O.O=C1CC(O)OC1=CC(O)c1cccc(O)c1,rule0004_09,No_Thermo,Enzymatic
O=C1CC(=O)C(=CCc2ccccc2)O1.OO,O.O=C1CC(=O)C(=CCc2ccccc2O)O1,O=C1CC(=O)C(=CCc2ccccc2)O1.OO >> O.O=C1CC(=O)C(=CCc2ccccc2O)O1,rule1165_2,No_Thermo,Enzymatic
O=C1CC(=O)C(=CCC2(O)C=CC=CC2O)O1,CC1(O)C(C=C2OC(=O)CC2=O)=CC=CC1O,O=C1CC(=O)C(=CCC2(O)C=CC=CC2O)O1 >> CC1(O)C(C=C2OC(=O)CC2=O)=CC=CC1O,rule0028_51,No_Thermo,Enzymatic
O=C1CC(=O)C(=CCc2ccc(O)cc2)O1,Cc1ccc(O)c(C=C2OC(=O)CC2=O)c1,O=C1CC(=O)C(=CCc2ccc(O)cc2)O1 >> Cc1ccc(O)c(C=C2OC(=O)CC2=O)c1,rule0028_51,No_Thermo,Enzymatic
O=C1CC(O)C(=C(O)Cc2ccccc2)O1.OO,O.O=C1CC(O)C(=C(O)C(O)c2ccccc2)O1,O=C1CC(O)C(=C(O)Cc2ccccc2)O1.OO >> O.O=C1CC(O)C(=C(O)C(O)c2ccccc2)O1,rule1165_1,No_Thermo,Enzymatic
CC=C1OC(=O)CC1=O.O,CCC1(O)OC(=O)CC1=O,CC=C1OC(=O)CC1=O.O >> CCC1(O)OC(=O)CC1=O,rule0020_19,No_Thermo,Enzymatic
O.O=C1CC(=O)C(=CCc2cccc(O)c2)O1,O=C1CC(O)OC1=C(O)Cc1cccc(O)c1,O.O=C1CC(=O)C(=CCc2cccc(O)c2)O1 >> O=C1CC(O)OC1=C(O)Cc1cccc(O)c1,rule0070_6,No_Thermo,Enzymatic
NC(=O)C1=CN([C@@H]2O[C@H](COP(=O)(O)OP(=O)(O)OC[C@H]3O[C@@H](n4cnc5c(N)ncnc54)[C@H](OP(=O)(O)O)[C@@H]3O)[C@@H](O)[C@H]2O)C=CC1.O=C(O)CC(=O)C(O)=CCc1ccccc1.O=O,NC(=O)c1ccc[n+]([C@@H]2O[C@H](COP(=O)(O)OP(=O)(O)OC[C@H]3O[C@@H](n4cnc5c(N)ncnc54)[C@H](OP(=O)(O)O)[C@@H]3O)[C@@H](O)[C@H]2O)c1.O.O=C(O)CC(=O)C(O)=CCC1=CC=CC2OC12,NC(=O)C1=CN([C@@H]2O[C@H](COP(=O)(O)OP(=O)(O)OC[C@H]3O[C@@H](n4cnc5c(N)ncnc54)[C@H](OP(=O)(O)O)[C@@H]3O)[C@@H](O)[C@H]2O)C=CC1.O=C(O)CC(=O)C(O)=CCc1ccccc1.O=O >> NC(=O)c1ccc[n+]([C@@H]2O[C@H](COP(=O)(O)OP(=O)(O)OC[C@H]3O[C@@H](n4cnc5c(N)ncnc54)[C@H](OP(=O)(O)O)[C@@H]3O)[C@@H](O)[C@H]2O)c1.O.O=C(O)CC(=O)C(O)=CCC1=CC=CC2OC12,rule0951_1,No_Thermo,Enzymatic
O.O=C1CC(O)C(=CC(O)c2ccccc2)O1,OC(=C1OC(O)CC1O)C(O)c1ccccc1,O.O=C1CC(O)C(=CC(O)c2ccccc2)O1 >> OC(=C1OC(O)CC1O)C(O)c1ccccc1,rule0070_6,No_Thermo,Enzymatic
NC(=O)c1ccc[n+]([C@@H]2O[C@H](COP(=O)(O)OP(=O)(O)OC[C@H]3O[C@@H](n4cnc5c(N)ncnc54)[C@H](OP(=O)(O)O)[C@@H]3O)[C@@H](O)[C@H]2O)c1.O.O=C1CC(O)C(=C(O)Cc2ccccc2)O1,CC(=C1OC(=O)CC1O)c1ccccc1.NC(=O)C1=CN([C@@H]2O[C@H](COP(=O)(O)OP(=O)(O)OC[C@H]3O[C@@H](n4cnc5c(N)ncnc54)[C@H](OP(=O)(O)O)[C@@H]3O)[C@@H](O)[C@H]2O)C=CC1.O=O,NC(=O)c1ccc[n+]([C@@H]2O[C@H](COP(=O)(O)OP(=O)(O)OC[C@H]3O[C@@H](n4cnc5c(N)ncnc54)[C@H](OP(=O)(O)O)[C@@H]3O)[C@@H](O)[C@H]2O)c1.O.O=C1CC(O)C(=C(O)Cc2ccccc2)O1 >> CC(=C1OC(=O)CC1O)c1ccccc1.NC(=O)C1=CN([C@@H]2O[C@H](COP(=O)(O)OP(=O)(O)OC[C@H]3O[C@@H](n4cnc5c(N)ncnc54)[C@H](OP(=O)(O)O)[C@@H]3O)[C@@H](O)[C@H]2O)C=CC1.O=O,rule0523_2,No_Thermo,Enzymatic
O=C(O)CC(=O)C(O)=CCc1ccccc1,O=CC(O)=CCc1ccc(CC(=O)O)cc1,O=C(O)CC(=O)C(O)=CCc1ccccc1 >> O=CC(O)=CCc1ccc(CC(=O)O)cc1,rule0028_46,No_Thermo,Enzymatic
O=C1CC(=O)C(O)(CCc2ccccc2)O1.OO,O.O=C1CC(=O)C(O)(CC(O)c2ccccc2)O1,O=C1CC(=O)C(O)(CCc2ccccc2)O1.OO >> O.O=C1CC(=O)C(O)(CC(O)c2ccccc2)O1,rule1165_1,No_Thermo,Enzymatic
NC(=O)C1=CN([C@@H]2O[C@H](COP(=O)(O)OP(=O)(O)OC[C@H]3O[C@@H](n4cnc5c(N)ncnc54)[C@H](OP(=O)(O)O)[C@@H]3O)[C@@H](O)[C@H]2O)C=CC1.O=C1CC(=O)C(=CCC2=CC=CC3OC23)O1.O=O,NC(=O)c1ccc[n+]([C@@H]2O[C@H](COP(=O)(O)OP(=O)(O)OC[C@H]3O[C@@H](n4cnc5c(N)ncnc54)[C@H](OP(=O)(O)O)[C@@H]3O)[C@@H](O)[C@H]2O)c1.O.O=C1CC(=O)C(=C(O)CC2=CC=CC3OC23)O1,NC(=O)C1=CN([C@@H]2O[C@H](COP(=O)(O)OP(=O)(O)OC[C@H]3O[C@@H](n4cnc5c(N)ncnc54)[C@H](OP(=O)(O)O)[C@@H]3O)[C@@H](O)[C@H]2O)C=CC1.O=C1CC(=O)C(=CCC2=CC=CC3OC23)O1.O=O >> NC(=O)c1ccc[n+]([C@@H]2O[C@H](COP(=O)(O)OP(=O)(O)OC[C@H]3O[C@@H](n4cnc5c(N)ncnc54)[C@H](OP(=O)(O)O)[C@@H]3O)[C@@H](O)[C@H]2O)c1.O.O=C1CC(=O)C(=C(O)CC2=CC=CC3OC23)O1,rule0004_13,No_Thermo,Enzymatic
NC(=O)C1=CN([C@@H]2O[C@H](COP(=O)(O)OP(=O)(O)OC[C@H]3O[C@@H](n4cnc5c(N)ncnc54)[C@H](OP(=O)(O)O)[C@@H]3O)[C@@H](O)[C@H]2O)C=CC1.O=C1CC(=O)C(=CCc2cccc(O)c2)O1.O=O,NC(=O)c1ccc[n+]([C@@H]2O[C@H](COP(=O)(O)OP(=O)(O)OC[C@H]3O[C@@H](n4cnc5c(N)ncnc54)[C@H](OP(=O)(O)O)[C@@H]3O)[C@@H](O)[C@H]2O)c1.O.O=C1CC(=O)C(=CCc2cc(O)ccc2O)O1,NC(=O)C1=CN([C@@H]2O[C@H](COP(=O)(O)OP(=O)(O)OC[C@H]3O[C@@H](n4cnc5c(N)ncnc54)[C@H](OP(=O)(O)O)[C@@H]3O)[C@@H](O)[C@H]2O)C=CC1.O=C1CC(=O)C(=CCc2cccc(O)c2)O1.O=O >> NC(=O)c1ccc[n+]([C@@H]2O[C@H](COP(=O)(O)OP(=O)(O)OC[C@H]3O[C@@H](n4cnc5c(N)ncnc54)[C@H](OP(=O)(O)O)[C@@H]3O)[C@@H](O)[C@H]2O)c1.O.O=C1CC(=O)C(=CCc2cc(O)ccc2O)O1,rule0004_10,No_Thermo,Enzymatic
O.O=C(O)CC(=O)C(O)=CCc1ccccc1,O=C(C(O)=CCc1ccccc1)C(O)C(O)O,O.O=C(O)CC(=O)C(O)=CCc1ccccc1 >> O=C(C(O)=CCc1ccccc1)C(O)C(O)O,rule0070_6,No_Thermo,Enzymatic
O=C1CC(=O)C(=CCc2ccc(O)cc2)O1,O=C1CC(=O)C(=CCc2cccc(O)c2)O1,O=C1CC(=O)C(=CCc2ccc(O)cc2)O1 >> O=C1CC(=O)C(=CCc2cccc(O)c2)O1,rule0028_44,No_Thermo,Enzymatic
O=O.Oc1ccccc1,O=CC=CC=CC(=O)O,O=O.Oc1ccccc1 >> O=CC=CC=CC(=O)O,rule0052_2,No_Thermo,Enzymatic
NC(=O)C1=CN([C@@H]2O[C@H](COP(=O)(O)OP(=O)(O)OC[C@H]3O[C@@H](n4cnc5c(N)ncnc54)[C@H](OP(=O)(O)O)[C@@H]3O)[C@@H](O)[C@H]2O)C=CC1.O=C1CC(=O)C(=CCc2ccccc2O)O1.O=O,NC(=O)c1ccc[n+]([C@@H]2O[C@H](COP(=O)(O)OP(=O)(O)OC[C@H]3O[C@@H](n4cnc5c(N)ncnc54)[C@H](OP(=O)(O)O)[C@@H]3O)[C@@H](O)[C@H]2O)c1.O.O=C1CC(=O)C(=CCC2=CC=CC3OC23O)O1,NC(=O)C1=CN([C@@H]2O[C@H](COP(=O)(O)OP(=O)(O)OC[C@H]3O[C@@H](n4cnc5c(N)ncnc54)[C@H](OP(=O)(O)O)[C@@H]3O)[C@@H](O)[C@H]2O)C=CC1.O=C1CC(=O)C(=CCc2ccccc2O)O1.O=O >> NC(=O)c1ccc[n+]([C@@H]2O[C@H](COP(=O)(O)OP(=O)(O)OC[C@H]3O[C@@H](n4cnc5c(N)ncnc54)[C@H](OP(=O)(O)O)[C@@H]3O)[C@@H](O)[C@H]2O)c1.O.O=C1CC(=O)C(=CCC2=CC=CC3OC23O)O1,rule0951_1,No_Thermo,Enzymatic
N.O=C(O)CC(=O)C(O)=CCc1ccccc1,N#CCC(=O)C(O)=CCc1ccccc1.O.O,N.O=C(O)CC(=O)C(O)=CCc1ccccc1 >> N#CCC(=O)C(O)=CCc1ccccc1.O.O,rule0242_3,No_Thermo,Enzymatic
O.O=C1CC(=O)C(=CCC23C=CC=CC2O3)O1,O=C1CC(=O)C(O)(CCC23C=CC=CC2O3)O1,O.O=C1CC(=O)C(=CCC23C=CC=CC2O3)O1 >> O=C1CC(=O)C(O)(CCC23C=CC=CC2O3)O1,rule0020_19,No_Thermo,Enzymatic
CC=C1OC(=O)CC1=O.NC(=O)C1=CN([C@@H]2O[C@H](COP(=O)(O)OP(=O)(O)OC[C@H]3O[C@@H](n4cnc5c(N)ncnc54)[C@H](OP(=O)(O)O)[C@@H]3O)[C@@H](O)[C@H]2O)C=CC1.O=O,CC(O)=C1OC(=O)CC1=O.NC(=O)c1ccc[n+]([C@@H]2O[C@H](COP(=O)(O)OP(=O)(O)OC[C@H]3O[C@@H](n4cnc5c(N)ncnc54)[C@H](OP(=O)(O)O)[C@@H]3O)[C@@H](O)[C@H]2O)c1.O,CC=C1OC(=O)CC1=O.NC(=O)C1=CN([C@@H]2O[C@H](COP(=O)(O)OP(=O)(O)OC[C@H]3O[C@@H](n4cnc5c(N)ncnc54)[C@H](OP(=O)(O)O)[C@@H]3O)[C@@H](O)[C@H]2O)C=CC1.O=O >> CC(O)=C1OC(=O)CC1=O.NC(=O)c1ccc[n+]([C@@H]2O[C@H](COP(=O)(O)OP(=O)(O)OC[C@H]3O[C@@H](n4cnc5c(N)ncnc54)[C@H](OP(=O)(O)O)[C@@H]3O)[C@@H](O)[C@H]2O)c1.O,rule0004_13,No_Thermo,Enzymatic
O=C1CC(O)OC1=C(O)Cc1ccccc1,Cc1cccc(C(O)=C2OC(O)CC2=O)c1,O=C1CC(O)OC1=C(O)Cc1ccccc1 >> Cc1cccc(C(O)=C2OC(O)CC2=O)c1,rule0028_50,No_Thermo,Enzymatic
NC(=O)C1=CN([C@@H]2O[C@H](COP(=O)(O)OP(=O)(O)OC[C@H]3O[C@@H](n4cnc5c(N)ncnc54)[C@H](OP(=O)(O)O)[C@@H]3O)[C@@H](O)[C@H]2O)C=CC1.O=C1CC(=O)C(=C(O)Cc2ccccc2)O1.O=O,NC(=O)c1ccc[n+]([C@@H]2O[C@H](COP(=O)(O)OP(=O)(O)OC[C@H]3O[C@@H](n4cnc5c(N)ncnc54)[C@H](OP(=O)(O)O)[C@@H]3O)[C@@H](O)[C@H]2O)c1.O.O=C1CC(=O)C(=C(O)CC23C=CC=CC2O3)O1,NC(=O)C1=CN([C@@H]2O[C@H](COP(=O)(O)OP(=O)(O)OC[C@H]3O[C@@H](n4cnc5c(N)ncnc54)[C@H](OP(=O)(O)O)[C@@H]3O)[C@@H](O)[C@H]2O)C=CC1.O=C1CC(=O)C(=C(O)Cc2ccccc2)O1.O=O >> NC(=O)c1ccc[n+]([C@@H]2O[C@H](COP(=O)(O)OP(=O)(O)OC[C@H]3O[C@@H](n4cnc5c(N)ncnc54)[C@H](OP(=O)(O)O)[C@@H]3O)[C@@H](O)[C@H]2O)c1.O.O=C1CC(=O)C(=C(O)CC23C=CC=CC2O3)O1,rule0951_1,No_Thermo,Enzymatic
O.O=C1CC(=O)C(=CCc2ccccc2)O1,O=C1CC(=O)C(O)(CCc2ccccc2)O1,O.O=C1CC(=O)C(=CCc2ccccc2)O1 >> O=C1CC(=O)C(O)(CCc2ccccc2)O1,rule0020_19,No_Thermo,Enzymatic
NC(=O)C1=CN([C@@H]2O[C@H](COP(=O)(O)OP(=O)(O)OC[C@H]3O[C@@H](n4cnc5c(N)ncnc54)[C@H](OP(=O)(O)O)[C@@H]3O)[C@@H](O)[C@H]2O)C=CC1.O=C1CC(=O)C(=CCc2ccccc2)O1.O=O,NC(=O)c1ccc[n+]([C@@H]2O[C@H](COP(=O)(O)OP(=O)(O)OC[C@H]3O[C@@H](n4cnc5c(N)ncnc54)[C@H](OP(=O)(O)O)[C@@H]3O)[C@@H](O)[C@H]2O)c1.O.O=C1CC(=O)C(=CCC2=CC3OC3C=C2)O1,NC(=O)C1=CN([C@@H]2O[C@H](COP(=O)(O)OP(=O)(O)OC[C@H]3O[C@@H](n4cnc5c(N)ncnc54)[C@H](OP(=O)(O)O)[C@@H]3O)[C@@H](O)[C@H]2O)C=CC1.O=C1CC(=O)C(=CCc2ccccc2)O1.O=O >> NC(=O)c1ccc[n+]([C@@H]2O[C@H](COP(=O)(O)OP(=O)(O)OC[C@H]3O[C@@H](n4cnc5c(N)ncnc54)[C@H](OP(=O)(O)O)[C@@H]3O)[C@@H](O)[C@H]2O)c1.O.O=C1CC(=O)C(=CCC2=CC3OC3C=C2)O1,rule0951_1,No_Thermo,Enzymatic
NC(=O)C1=CN([C@@H]2O[C@H](COP(=O)(O)OP(=O)(O)OC[C@H]3O[C@@H](n4cnc5c(N)ncnc54)[C@H](OP(=O)(O)O)[C@@H]3O)[C@@H](O)[C@H]2O)C=CC1.O=C1CC(=O)C(=CC(O)c2ccccc2)O1.O=O,NC(=O)c1ccc[n+]([C@@H]2O[C@H](COP(=O)(O)OP(=O)(O)OC[C@H]3O[C@@H](n4cnc5c(N)ncnc54)[C@H](OP(=O)(O)O)[C@@H]3O)[C@@H](O)[C@H]2O)c1.O.O.O=C1CC(=O)C(=CC(=O)c2ccccc2)O1,NC(=O)C1=CN([C@@H]2O[C@H](COP(=O)(O)OP(=O)(O)OC[C@H]3O[C@@H](n4cnc5c(N)ncnc54)[C@H](OP(=O)(O)O)[C@@H]3O)[C@@H](O)[C@H]2O)C=CC1.O=C1CC(=O)C(=CC(O)c2ccccc2)O1.O=O >> NC(=O)c1ccc[n+]([C@@H]2O[C@H](COP(=O)(O)OP(=O)(O)OC[C@H]3O[C@@H](n4cnc5c(N)ncnc54)[C@H](OP(=O)(O)O)[C@@H]3O)[C@@H](O)[C@H]2O)c1.O.O.O=C1CC(=O)C(=CC(=O)c2ccccc2)O1,rule0073_5,No_Thermo,Enzymatic
NC(=O)C1=CN([C@@H]2O[C@H](COP(=O)(O)OP(=O)(O)OC[C@H]3O[C@@H](n4cnc5c(N)ncnc54)[C@H](OP(=O)(O)O)[C@@H]3O)[C@@H](O)[C@H]2O)C=CC1.O=C1CC(=O)C(=CCc2ccccc2O)O1.O=O,NC(=O)c1ccc[n+]([C@@H]2O[C@H](COP(=O)(O)OP(=O)(O)OC[C@H]3O[C@@H](n4cnc5c(N)ncnc54)[C@H](OP(=O)(O)O)[C@@H]3O)[C@@H](O)[C@H]2O)c1.O.O=C1CC(=O)C(=CC(O)c2ccccc2O)O1,NC(=O)C1=CN([C@@H]2O[C@H](COP(=O)(O)OP(=O)(O)OC[C@H]3O[C@@H](n4cnc5c(N)ncnc54)[C@H](OP(=O)(O)O)[C@@H]3O)[C@@H](O)[C@H]2O)C=CC1.O=C1CC(=O)C(=CCc2ccccc2O)O1.O=O >> NC(=O)c1ccc[n+]([C@@H]2O[C@H](COP(=O)(O)OP(=O)(O)OC[C@H]3O[C@@H](n4cnc5c(N)ncnc54)[C@H](OP(=O)(O)O)[C@@H]3O)[C@@H](O)[C@H]2O)c1.O.O=C1CC(=O)C(=CC(O)c2ccccc2O)O1,rule0004_13,No_Thermo,Enzymatic
O=C1CC(=O)C(=CCC23C=CC=CC2O3)O1,CC12C=CC=C(C=C3OC(=O)CC3=O)C1O2,O=C1CC(=O)C(=CCC23C=CC=CC2O3)O1 >> CC12C=CC=C(C=C3OC(=O)CC3=O)C1O2,rule0028_51,No_Thermo,Enzymatic
NC(=O)c1ccc[n+]([C@@H]2O[C@H](COP(=O)(O)OP(=O)(O)OC[C@H]3O[C@@H](n4cnc5c(N)ncnc54)[C@H](OP(=O)(O)O)[C@@H]3O)[C@@H](O)[C@H]2O)c1.O.O=C(O)CC(=O)C(O)=CCc1ccccc1,NC(=O)C1=CN([C@@H]2O[C@H](COP(=O)(O)OP(=O)(O)OC[C@H]3O[C@@H](n4cnc5c(N)ncnc54)[C@H](OP(=O)(O)O)[C@@H]3O)[C@@H](O)[C@H]2O)C=CC1.O=C(O)CC(=O)C=CCc1ccccc1.O=O,NC(=O)c1ccc[n+]([C@@H]2O[C@H](COP(=O)(O)OP(=O)(O)OC[C@H]3O[C@@H](n4cnc5c(N)ncnc54)[C@H](OP(=O)(O)O)[C@@H]3O)[C@@H](O)[C@H]2O)c1.O.O=C(O)CC(=O)C(O)=CCc1ccccc1 >> NC(=O)C1=CN([C@@H]2O[C@H](COP(=O)(O)OP(=O)(O)OC[C@H]3O[C@@H](n4cnc5c(N)ncnc54)[C@H](OP(=O)(O)O)[C@@H]3O)[C@@H](O)[C@H]2O)C=CC1.O=C(O)CC(=O)C=CCc1ccccc1.O=O,rule0005_60,No_Thermo,Enzymatic
NC(=O)C1=CN([C@@H]2O[C@H](COP(=O)(O)OP(=O)(O)OC[C@H]3O[C@@H](n4cnc5c(N)ncnc54)[C@H](OP(=O)(O)O)[C@@H]3O)[C@@H](O)[C@H]2O)C=CC1.O=C1CC(=O)C(=CCc2ccccc2O)O1.O=O,NC(=O)c1ccc[n+]([C@@H]2O[C@H](COP(=O)(O)OP(=O)(O)OC[C@H]3O[C@@H](n4cnc5c(N)ncnc54)[C@H](OP(=O)(O)O)[C@@H]3O)[C@@H](O)[C@H]2O)c1.O.O=C1CC(=O)C(=CCc2cc(O)ccc2O)O1,NC(=O)C1=CN([C@@H]2O[C@H](COP(=O)(O)OP(=O)(O)OC[C@H]3O[C@@H](n4cnc5c(N)ncnc54)[C@H](OP(=O)(O)O)[C@@H]3O)[C@@H](O)[C@H]2O)C=CC1.O=C1CC(=O)C(=CCc2ccccc2O)O1.O=O >> NC(=O)c1ccc[n+]([C@@H]2O[C@H](COP(=O)(O)OP(=O)(O)OC[C@H]3O[C@@H](n4cnc5c(N)ncnc54)[C@H](OP(=O)(O)O)[C@@H]3O)[C@@H](O)[C@H]2O)c1.O.O=C1CC(=O)C(=CCc2cc(O)ccc2O)O1,rule0004_09,No_Thermo,Enzymatic
N.O=C(O)CC(=O)C(O)=CCc1ccccc1.OO,NC(O)CC(=O)C(O)=CCc1ccccc1.O.O=O,N.O=C(O)CC(=O)C(O)=CCc1ccccc1.OO >> NC(O)CC(=O)C(O)=CCc1ccccc1.O.O=O,rule0091_12,No_Thermo,Enzymatic
O.O=C1CC(O)OC1=CC(O)c1ccccc1,OC1CC(O)C(=CC(O)(O)c2ccccc2)O1,O.O=C1CC(O)OC1=CC(O)c1ccccc1 >> OC1CC(O)C(=CC(O)(O)c2ccccc2)O1,rule0070_6,No_Thermo,Enzymatic
O=C1CC(O)C(=CC(O)c2ccccc2)O1.OO,O.O=C1CC(O)C(=CC(O)(O)c2ccccc2)O1,O=C1CC(O)C(=CC(O)c2ccccc2)O1.OO >> O.O=C1CC(O)C(=CC(O)(O)c2ccccc2)O1,rule1165_1,No_Thermo,Enzymatic
Cc1ccc(C=C2OC(=O)CC2=O)cc1.OO,Cc1ccc(C=C2OC(=O)CC2=O)cc1O.O,Cc1ccc(C=C2OC(=O)CC2=O)cc1.OO >> Cc1ccc(C=C2OC(=O)CC2=O)cc1O.O,rule1165_2,No_Thermo,Enzymatic
NC(=O)c1ccc[n+]([C@@H]2O[C@H](COP(=O)(O)OP(=O)(O)OC[C@H]3O[C@@H](n4cnc5c(N)ncnc54)[C@H](OP(=O)(O)O)[C@@H]3O)[C@@H](O)[C@H]2O)c1.O.O=C1CC(=O)C(=C(O)Cc2ccccc2)O1,NC(=O)C1=CN([C@@H]2O[C@H](COP(=O)(O)OP(=O)(O)OC[C@H]3O[C@@H](n4cnc5c(N)ncnc54)[C@H](OP(=O)(O)O)[C@@H]3O)[C@@H](O)[C@H]2O)C=CC1.O=C1CC(=O)C(=CCc2ccccc2)O1.O=O,NC(=O)c1ccc[n+]([C@@H]2O[C@H](COP(=O)(O)OP(=O)(O)OC[C@H]3O[C@@H](n4cnc5c(N)ncnc54)[C@H](OP(=O)(O)O)[C@@H]3O)[C@@H](O)[C@H]2O)c1.O.O=C1CC(=O)C(=C(O)Cc2ccccc2)O1 >> NC(=O)C1=CN([C@@H]2O[C@H](COP(=O)(O)OP(=O)(O)OC[C@H]3O[C@@H](n4cnc5c(N)ncnc54)[C@H](OP(=O)(O)O)[C@@H]3O)[C@@H](O)[C@H]2O)C=CC1.O=C1CC(=O)C(=CCc2ccccc2)O1.O=O,rule0005_61,No_Thermo,Enzymatic
O.O=C1CC(=O)C(=C(O)Cc2ccccc2)O1,O=C1CC(O)C(=C(O)C(O)c2ccccc2)O1,O.O=C1CC(=O)C(=C(O)Cc2ccccc2)O1 >> O=C1CC(O)C(=C(O)C(O)c2ccccc2)O1,rule0070_6,No_Thermo,Enzymatic
NC(=O)C1=CN([C@@H]2O[C@H](COP(=O)(O)OP(=O)(O)OC[C@H]3O[C@@H](n4cnc5c(N)ncnc54)[C@H](OP(=O)(O)O)[C@@H]3O)[C@@H](O)[C@H]2O)C=CC1.O=C1CC(O)OC1=C(O)Cc1ccccc1.O=O,NC(=O)c1ccc[n+]([C@@H]2O[C@H](COP(=O)(O)OP(=O)(O)OC[C@H]3O[C@@H](n4cnc5c(N)ncnc54)[C@H](OP(=O)(O)O)[C@@H]3O)[C@@H](O)[C@H]2O)c1.O.O=C1CC(O)OC12OC2(O)Cc1ccccc1,NC(=O)C1=CN([C@@H]2O[C@H](COP(=O)(O)OP(=O)(O)OC[C@H]3O[C@@H](n4cnc5c(N)ncnc54)[C@H](OP(=O)(O)O)[C@@H]3O)[C@@H](O)[C@H]2O)C=CC1.O=C1CC(O)OC1=C(O)Cc1ccccc1.O=O >> NC(=O)c1ccc[n+]([C@@H]2O[C@H](COP(=O)(O)OP(=O)(O)OC[C@H]3O[C@@H](n4cnc5c(N)ncnc54)[C@H](OP(=O)(O)O)[C@@H]3O)[C@@H](O)[C@H]2O)c1.O.O=C1CC(O)OC12OC2(O)Cc1ccccc1,rule0077_4,No_Thermo,Enzymatic
NC(=O)c1ccc[n+]([C@@H]2O[C@H](COP(=O)(O)OP(=O)(O)OC[C@H]3O[C@@H](n4cnc5c(N)ncnc54)[C@H](OP(=O)(O)O)[C@@H]3O)[C@@H](O)[C@H]2O)c1.O.O=C1CC(=O)C(=CC(O)c2ccccc2)O1,NC(=O)C1=CN([C@@H]2O[C@H](COP(=O)(O)OP(=O)(O)OC[C@H]3O[C@@H](n4cnc5c(N)ncnc54)[C@H](OP(=O)(O)O)[C@@H]3O)[C@@H](O)[C@H]2O)C=CC1.O=C1CC(=O)C(=CCc2ccccc2)O1.O=O,NC(=O)c1ccc[n+]([C@@H]2O[C@H](COP(=O)(O)OP(=O)(O)OC[C@H]3O[C@@H](n4cnc5c(N)ncnc54)[C@H](OP(=O)(O)O)[C@@H]3O)[C@@H](O)[C@H]2O)c1.O.O=C1CC(=O)C(=CC(O)c2ccccc2)O1 >> NC(=O)C1=CN([C@@H]2O[C@H](COP(=O)(O)OP(=O)(O)OC[C@H]3O[C@@H](n4cnc5c(N)ncnc54)[C@H](OP(=O)(O)O)[C@@H]3O)[C@@H](O)[C@H]2O)C=CC1.O=C1CC(=O)C(=CCc2ccccc2)O1.O=O,rule0005_49,No_Thermo,Enzymatic
O=C1CC(=O)C(=CCC2=CC=CC(O)C2O)O1,CC1=CC=CC(O)C1(O)C=C1OC(=O)CC1=O,O=C1CC(=O)C(=CCC2=CC=CC(O)C2O)O1 >> CC1=CC=CC(O)C1(O)C=C1OC(=O)CC1=O,rule0028_51,No_Thermo,Enzymatic
NC(=O)c1ccc[n+]([C@@H]2O[C@H](COP(=O)(O)OP(=O)(O)OC[C@H]3O[C@@H](n4cnc5c(N)ncnc54)[C@H](OP(=O)(O)O)[C@@H]3O)[C@@H](O)[C@H]2O)c1.O.O=C1CC(=O)C(=CCC23C=CC=CC2O3)O1,NC(=O)C1=CN([C@@H]2O[C@H](COP(=O)(O)OP(=O)(O)OC[C@H]3O[C@@H](n4cnc5c(N)ncnc54)[C@H](OP(=O)(O)O)[C@@H]3O)[C@@H](O)[C@H]2O)C=CC1.O=C1CC(=O)C(=CCc2ccccc2)O1.O=O,NC(=O)c1ccc[n+]([C@@H]2O[C@H](COP(=O)(O)OP(=O)(O)OC[C@H]3O[C@@H](n4cnc5c(N)ncnc54)[C@H](OP(=O)(O)O)[C@@H]3O)[C@@H](O)[C@H]2O)c1.O.O=C1CC(=O)C(=CCC23C=CC=CC2O3)O1 >> NC(=O)C1=CN([C@@H]2O[C@H](COP(=O)(O)OP(=O)(O)OC[C@H]3O[C@@H](n4cnc5c(N)ncnc54)[C@H](OP(=O)(O)O)[C@@H]3O)[C@@H](O)[C@H]2O)C=CC1.O=C1CC(=O)C(=CCc2ccccc2)O1.O=O,rule0068_1,No_Thermo,Enzymatic
O=C(O)CC(=O)C(O)=CCc1ccccc1,O=C(O)CC(=O)C(O)C=Cc1ccccc1,O=C(O)CC(=O)C(O)=CCc1ccccc1 >> O=C(O)CC(=O)C(O)C=Cc1ccccc1,rule0040_7,No_Thermo,Enzymatic
O=C1CC(O)OC1=C(O)Cc1ccccc1,Cc1ccccc1.O=C=C1OC(O)CC1=O,O=C1CC(O)OC1=C(O)Cc1ccccc1 >> Cc1ccccc1.O=C=C1OC(O)CC1=O,rule0053_20,No_Thermo,Enzymatic
O=C1CC(O)OC1=CC(O)c1ccccc1,O=CC=C1OC(O)CC1=O.c1ccccc1,O=C1CC(O)OC1=CC(O)c1ccccc1 >> O=CC=C1OC(O)CC1=O.c1ccccc1,rule0053_13,No_Thermo,Enzymatic
O=C1CC(O)C(=CC(O)c2ccccc2)O1.OO,O.O=C1CC(O)C(=CC(O)c2ccccc2O)O1,O=C1CC(O)C(=CC(O)c2ccccc2)O1.OO >> O.O=C1CC(O)C(=CC(O)c2ccccc2O)O1,rule1165_2,No_Thermo,Enzymatic
O=C1CC(O)C(=CC(O)c2ccccc2)O1.OO,O.O=C1CC(O)C(=CC(O)c2ccc(O)cc2)O1,O=C1CC(O)C(=CC(O)c2ccccc2)O1.OO >> O.O=C1CC(O)C(=CC(O)c2ccc(O)cc2)O1,rule1165_2,No_Thermo,Enzymatic
O=C1CC(=O)C(=CCC2=CC=CC3OC23)O1,CC1=CC=CC2OC12C=C1OC(=O)CC1=O,O=C1CC(=O)C(=CCC2=CC=CC3OC23)O1 >> CC1=CC=CC2OC12C=C1OC(=O)CC1=O,rule0028_51,No_Thermo,Enzymatic
O=C(O)CC(=O)C(O)=CCc1ccccc1,O=C(O)CC(O)C1=CCc2ccccc2O1,O=C(O)CC(=O)C(O)=CCc1ccccc1 >> O=C(O)CC(O)C1=CCc2ccccc2O1,rule0169_1,No_Thermo,Enzymatic
Cc1cccc(C=C2OC(=O)CC2=O)c1.O,C=C1OC(=O)CC1=O.Cc1cccc(O)c1,Cc1cccc(C=C2OC(=O)CC2=O)c1.O >> C=C1OC(=O)CC1=O.Cc1cccc(O)c1,rule0085_1,No_Thermo,Enzymatic
O.O=C1CC(=O)C(=CCc2cccc(O)c2)O1,CC=C1OC(=O)CC1=O.Oc1cccc(O)c1,O.O=C1CC(=O)C(=CCc2cccc(O)c2)O1 >> CC=C1OC(=O)CC1=O.Oc1cccc(O)c1,rule0085_1,No_Thermo,Enzymatic
NC(=O)C1=CN([C@@H]2O[C@H](COP(=O)(O)OP(=O)(O)OC[C@H]3O[C@@H](n4cnc5c(N)ncnc54)[C@H](OP(=O)(O)O)[C@@H]3O)[C@@H](O)[C@H]2O)C=CC1.O=C1CC(=O)C(=CCc2ccccc2O)O1.O=O,NC(=O)c1ccc[n+]([C@@H]2O[C@H](COP(=O)(O)OP(=O)(O)OC[C@H]3O[C@@H](n4cnc5c(N)ncnc54)[C@H](OP(=O)(O)O)[C@@H]3O)[C@@H](O)[C@H]2O)c1.O.O=C1CC(=O)C2(O1)OC2Cc1ccccc1O,NC(=O)C1=CN([C@@H]2O[C@H](COP(=O)(O)OP(=O)(O)OC[C@H]3O[C@@H](n4cnc5c(N)ncnc54)[C@H](OP(=O)(O)O)[C@@H]3O)[C@@H](O)[C@H]2O)C=CC1.O=C1CC(=O)C(=CCc2ccccc2O)O1.O=O >> NC(=O)c1ccc[n+]([C@@H]2O[C@H](COP(=O)(O)OP(=O)(O)OC[C@H]3O[C@@H](n4cnc5c(N)ncnc54)[C@H](OP(=O)(O)O)[C@@H]3O)[C@@H](O)[C@H]2O)c1.O.O=C1CC(=O)C2(O1)OC2Cc1ccccc1O,rule0077_4,No_Thermo,Enzymatic
O=C1CC(O)C(=CC(O)c2ccccc2)O1.O=O,O=C1CC(O)C(=CC(=O)c2ccccc2)O1.OO,O=C1CC(O)C(=CC(O)c2ccccc2)O1.O=O >> O=C1CC(O)C(=CC(=O)c2ccccc2)O1.OO,rule0074_09,No_Thermo,Enzymatic
Cc1ccc(C=C2OC(=O)CC2=O)cc1.NC(=O)C1=CN([C@@H]2O[C@H](COP(=O)(O)OP(=O)(O)OC[C@H]3O[C@@H](n4cnc5c(N)ncnc54)[C@H](OP(=O)(O)O)[C@@H]3O)[C@@H](O)[C@H]2O)C=CC1.O=O,CC12C=CC(C=C3OC(=O)CC3=O)=CC1O2.NC(=O)c1ccc[n+]([C@@H]2O[C@H](COP(=O)(O)OP(=O)(O)OC[C@H]3O[C@@H](n4cnc5c(N)ncnc54)[C@H](OP(=O)(O)O)[C@@H]3O)[C@@H](O)[C@H]2O)c1.O,Cc1ccc(C=C2OC(=O)CC2=O)cc1.NC(=O)C1=CN([C@@H]2O[C@H](COP(=O)(O)OP(=O)(O)OC[C@H]3O[C@@H](n4cnc5c(N)ncnc54)[C@H](OP(=O)(O)O)[C@@H]3O)[C@@H](O)[C@H]2O)C=CC1.O=O >> CC12C=CC(C=C3OC(=O)CC3=O)=CC1O2.NC(=O)c1ccc[n+]([C@@H]2O[C@H](COP(=O)(O)OP(=O)(O)OC[C@H]3O[C@@H](n4cnc5c(N)ncnc54)[C@H](OP(=O)(O)O)[C@@H]3O)[C@@H](O)[C@H]2O)c1.O,rule0951_1,No_Thermo,Enzymatic
O=C(O)CC(=O)C(O)=CCc1ccccc1,O=C(CC(O)O)C1=CCc2ccccc2O1,O=C(O)CC(=O)C(O)=CCc1ccccc1 >> O=C(CC(O)O)C1=CCc2ccccc2O1,rule0169_1,No_Thermo,Enzymatic
O=C1CC(=O)C(=CCc2ccccc2O)O1.OO,O.O=C1CC(=O)C(=CCc2cccc(O)c2O)O1,O=C1CC(=O)C(=CCc2ccccc2O)O1.OO >> O.O=C1CC(=O)C(=CCc2cccc(O)c2O)O1,rule1165_2,No_Thermo,Enzymatic
O.O=C1CC(=O)C(=CCc2ccccc2O)O1,O=C1CC(O)OC1=C(O)Cc1ccccc1O,O.O=C1CC(=O)C(=CCc2ccccc2O)O1 >> O=C1CC(O)OC1=C(O)Cc1ccccc1O,rule0070_6,No_Thermo,Enzymatic
NC(=O)C1=CN([C@@H]2O[C@H](COP(=O)(O)OP(=O)(O)OC[C@H]3O[C@@H](n4cnc5c(N)ncnc54)[C@H](OP(=O)(O)O)[C@@H]3O)[C@@H](O)[C@H]2O)C=CC1.O=C1CC(O)OC1=CC(O)c1ccccc1.O=O,NC(=O)c1ccc[n+]([C@@H]2O[C@H](COP(=O)(O)OP(=O)(O)OC[C@H]3O[C@@H](n4cnc5c(N)ncnc54)[C@H](OP(=O)(O)O)[C@@H]3O)[C@@H](O)[C@H]2O)c1.O.O=C1CC(O)OC1=CC(O)C1=CC=CC2OC12,NC(=O)C1=CN([C@@H]2O[C@H](COP(=O)(O)OP(=O)(O)OC[C@H]3O[C@@H](n4cnc5c(N)ncnc54)[C@H](OP(=O)(O)O)[C@@H]3O)[C@@H](O)[C@H]2O)C=CC1.O=C1CC(O)OC1=CC(O)c1ccccc1.O=O >> NC(=O)c1ccc[n+]([C@@H]2O[C@H](COP(=O)(O)OP(=O)(O)OC[C@H]3O[C@@H](n4cnc5c(N)ncnc54)[C@H](OP(=O)(O)O)[C@@H]3O)[C@@H](O)[C@H]2O)c1.O.O=C1CC(O)OC1=CC(O)C1=CC=CC2OC12,rule0951_1,No_Thermo,Enzymatic
Cc1cccc(C=C2OC(=O)CC2=O)c1.NC(=O)C1=CN([C@@H]2O[C@H](COP(=O)(O)OP(=O)(O)OC[C@H]3O[C@@H](n4cnc5c(N)ncnc54)[C@H](OP(=O)(O)O)[C@@H]3O)[C@@H](O)[C@H]2O)C=CC1.O=O,CC12C=CC=C(C=C3OC(=O)CC3=O)C1O2.NC(=O)c1ccc[n+]([C@@H]2O[C@H](COP(=O)(O)OP(=O)(O)OC[C@H]3O[C@@H](n4cnc5c(N)ncnc54)[C@H](OP(=O)(O)O)[C@@H]3O)[C@@H](O)[C@H]2O)c1.O,Cc1cccc(C=C2OC(=O)CC2=O)c1.NC(=O)C1=CN([C@@H]2O[C@H](COP(=O)(O)OP(=O)(O)OC[C@H]3O[C@@H](n4cnc5c(N)ncnc54)[C@H](OP(=O)(O)O)[C@@H]3O)[C@@H](O)[C@H]2O)C=CC1.O=O >> CC12C=CC=C(C=C3OC(=O)CC3=O)C1O2.NC(=O)c1ccc[n+]([C@@H]2O[C@H](COP(=O)(O)OP(=O)(O)OC[C@H]3O[C@@H](n4cnc5c(N)ncnc54)[C@H](OP(=O)(O)O)[C@@H]3O)[C@@H](O)[C@H]2O)c1.O,rule0951_1,No_Thermo,Enzymatic
O.O=C1CC(=O)C(=CCC23C=CC=CC2O3)O1,O=C1CC(O)C(=C(O)CC23C=CC=CC2O3)O1,O.O=C1CC(=O)C(=CCC23C=CC=CC2O3)O1 >> O=C1CC(O)C(=C(O)CC23C=CC=CC2O3)O1,rule0070_6,No_Thermo,Enzymatic
O=C1CC(O)OC1=C(O)Cc1ccccc1.OO,O.O=C1CC(O)OC1=C(O)Cc1cccc(O)c1,O=C1CC(O)OC1=C(O)Cc1ccccc1.OO >> O.O=C1CC(O)OC1=C(O)Cc1cccc(O)c1,rule1165_2,No_Thermo,Enzymatic
NC(=O)C1=CN([C@@H]2O[C@H](COP(=O)(O)OP(=O)(O)OC[C@H]3O[C@@H](n4cnc5c(N)ncnc54)[C@H](OP(=O)(O)O)[C@@H]3O)[C@@H](O)[C@H]2O)C=CC1.O=C(O)CC(=O)C(O)=CCc1ccccc1,NC(=O)c1ccc[n+]([C@@H]2O[C@H](COP(=O)(O)OP(=O)(O)OC[C@H]3O[C@@H](n4cnc5c(N)ncnc54)[C@H](OP(=O)(O)O)[C@@H]3O)[C@@H](O)[C@H]2O)c1.O=C(O)CC(=O)C(O)CCc1ccccc1,NC(=O)C1=CN([C@@H]2O[C@H](COP(=O)(O)OP(=O)(O)OC[C@H]3O[C@@H](n4cnc5c(N)ncnc54)[C@H](OP(=O)(O)O)[C@@H]3O)[C@@H](O)[C@H]2O)C=CC1.O=C(O)CC(=O)C(O)=CCc1ccccc1 >> NC(=O)c1ccc[n+]([C@@H]2O[C@H](COP(=O)(O)OP(=O)(O)OC[C@H]3O[C@@H](n4cnc5c(N)ncnc54)[C@H](OP(=O)(O)O)[C@@H]3O)[C@@H](O)[C@H]2O)c1.O=C(O)CC(=O)C(O)CCc1ccccc1,rule0027_64,No_Thermo,Enzymatic
NC(=O)C1=CN([C@@H]2O[C@H](COP(=O)(O)OP(=O)(O)OC[C@H]3O[C@@H](n4cnc5c(N)ncnc54)[C@H](OP(=O)(O)O)[C@@H]3O)[C@@H](O)[C@H]2O)C=CC1.O=C1CC(=O)C(=CC(O)c2ccccc2)O1.O=O,NC(=O)c1ccc[n+]([C@@H]2O[C@H](COP(=O)(O)OP(=O)(O)OC[C@H]3O[C@@H](n4cnc5c(N)ncnc54)[C@H](OP(=O)(O)O)[C@@H]3O)[C@@H](O)[C@H]2O)c1.O.O=C1CC(=O)C(=CC(O)(O)c2ccccc2)O1,NC(=O)C1=CN([C@@H]2O[C@H](COP(=O)(O)OP(=O)(O)OC[C@H]3O[C@@H](n4cnc5c(N)ncnc54)[C@H](OP(=O)(O)O)[C@@H]3O)[C@@H](O)[C@H]2O)C=CC1.O=C1CC(=O)C(=CC(O)c2ccccc2)O1.O=O >> NC(=O)c1ccc[n+]([C@@H]2O[C@H](COP(=O)(O)OP(=O)(O)OC[C@H]3O[C@@H](n4cnc5c(N)ncnc54)[C@H](OP(=O)(O)O)[C@@H]3O)[C@@H](O)[C@H]2O)c1.O.O=C1CC(=O)C(=CC(O)(O)c2ccccc2)O1,rule0004_13,No_Thermo,Enzymatic
O=C1CC(=O)C(=CCC2=CC(O)C(O)C=C2)O1,O=C1CC(=O)C(=CCC2(O)C=CC=CC2O)O1,O=C1CC(=O)C(=CCC2=CC(O)C(O)C=C2)O1 >> O=C1CC(=O)C(=CCC2(O)C=CC=CC2O)O1,rule0028_51,No_Thermo,Enzymatic
NC(=O)C1=CN([C@@H]2O[C@H](COP(=O)(O)OP(=O)(O)OC[C@H]3O[C@@H](n4cnc5c(N)ncnc54)[C@H](OP(=O)(O)O)[C@@H]3O)[C@@H](O)[C@H]2O)C=CC1.O=C(O)CC(=O)C(O)=CCc1ccccc1,NC(=O)c1ccc[n+]([C@@H]2O[C@H](COP(=O)(O)OP(=O)(O)OC[C@H]3O[C@@H](n4cnc5c(N)ncnc54)[C@H](OP(=O)(O)O)[C@@H]3O)[C@@H](O)[C@H]2O)c1.O=C(O)CC(O)C(O)=CCc1ccccc1,NC(=O)C1=CN([C@@H]2O[C@H](COP(=O)(O)OP(=O)(O)OC[C@H]3O[C@@H](n4cnc5c(N)ncnc54)[C@H](OP(=O)(O)O)[C@@H]3O)[C@@H](O)[C@H]2O)C=CC1.O=C(O)CC(=O)C(O)=CCc1ccccc1 >> NC(=O)c1ccc[n+]([C@@H]2O[C@H](COP(=O)(O)OP(=O)(O)OC[C@H]3O[C@@H](n4cnc5c(N)ncnc54)[C@H](OP(=O)(O)O)[C@@H]3O)[C@@H](O)[C@H]2O)c1.O=C(O)CC(O)C(O)=CCc1ccccc1,rule0003_135,No_Thermo,Enzymatic
O=C1CC(=O)C(=CCc2cccc(O)c2)O1.OO,O.O=C1CC(=O)C(=CCc2cc(O)cc(O)c2)O1,O=C1CC(=O)C(=CCc2cccc(O)c2)O1.OO >> O.O=C1CC(=O)C(=CCc2cc(O)cc(O)c2)O1,rule1165_2,No_Thermo,Enzymatic
NC(=O)C1=CN([C@@H]2O[C@H](COP(=O)(O)OP(=O)(O)OC[C@H]3O[C@@H](n4cnc5c(N)ncnc54)[C@H](OP(=O)(O)O)[C@@H]3O)[C@@H](O)[C@H]2O)C=CC1.O=C1CC(=O)C(=C(O)Cc2ccccc2)O1.O=O,NC(=O)c1ccc[n+]([C@@H]2O[C@H](COP(=O)(O)OP(=O)(O)OC[C@H]3O[C@@H](n4cnc5c(N)ncnc54)[C@H](OP(=O)(O)O)[C@@H]3O)[C@@H](O)[C@H]2O)c1.O.O=C1CC(=O)C(=C(O)Cc2ccccc2O)O1,NC(=O)C1=CN([C@@H]2O[C@H](COP(=O)(O)OP(=O)(O)OC[C@H]3O[C@@H](n4cnc5c(N)ncnc54)[C@H](OP(=O)(O)O)[C@@H]3O)[C@@H](O)[C@H]2O)C=CC1.O=C1CC(=O)C(=C(O)Cc2ccccc2)O1.O=O >> NC(=O)c1ccc[n+]([C@@H]2O[C@H](COP(=O)(O)OP(=O)(O)OC[C@H]3O[C@@H](n4cnc5c(N)ncnc54)[C@H](OP(=O)(O)O)[C@@H]3O)[C@@H](O)[C@H]2O)c1.O.O=C1CC(=O)C(=C(O)Cc2ccccc2O)O1,rule0004_10,No_Thermo,Enzymatic
NC(=O)C1=CN([C@@H]2O[C@H](COP(=O)(O)OP(=O)(O)OC[C@H]3O[C@@H](n4cnc5c(N)ncnc54)[C@H](OP(=O)(O)O)[C@@H]3O)[C@@H](O)[C@H]2O)C=CC1.O=C1CC(=O)C(=CCc2ccccc2)O1.O=O,NC(=O)c1ccc[n+]([C@@H]2O[C@H](COP(=O)(O)OP(=O)(O)OC[C@H]3O[C@@H](n4cnc5c(N)ncnc54)[C@H](OP(=O)(O)O)[C@@H]3O)[C@@H](O)[C@H]2O)c1.O.O=C1CC(=O)C(=CCc2ccccc2O)O1,NC(=O)C1=CN([C@@H]2O[C@H](COP(=O)(O)OP(=O)(O)OC[C@H]3O[C@@H](n4cnc5c(N)ncnc54)[C@H](OP(=O)(O)O)[C@@H]3O)[C@@H](O)[C@H]2O)C=CC1.O=C1CC(=O)C(=CCc2ccccc2)O1.O=O >> NC(=O)c1ccc[n+]([C@@H]2O[C@H](COP(=O)(O)OP(=O)(O)OC[C@H]3O[C@@H](n4cnc5c(N)ncnc54)[C@H](OP(=O)(O)O)[C@@H]3O)[C@@H](O)[C@H]2O)c1.O.O=C1CC(=O)C(=CCc2ccccc2O)O1,rule0004_10,No_Thermo,Enzymatic
CC=C1OC(=O)CC1=O.O,CC(O)=C1OC(O)CC1=O,CC=C1OC(=O)CC1=O.O >> CC(O)=C1OC(O)CC1=O,rule0070_6,No_Thermo,Enzymatic
NC(=O)C1=CN([C@@H]2O[C@H](COP(=O)(O)OP(=O)(O)OC[C@H]3O[C@@H](n4cnc5c(N)ncnc54)[C@H](OP(=O)(O)O)[C@@H]3O)[C@@H](O)[C@H]2O)C=CC1.O=C1CC(O)C(=C(O)Cc2ccccc2)O1.O=O,NC(=O)c1ccc[n+]([C@@H]2O[C@H](COP(=O)(O)OP(=O)(O)OC[C@H]3O[C@@H](n4cnc5c(N)ncnc54)[C@H](OP(=O)(O)O)[C@@H]3O)[C@@H](O)[C@H]2O)c1.O.O=C1CC(O)C(=C(O)CC2=CC=CC3OC23)O1,NC(=O)C1=CN([C@@H]2O[C@H](COP(=O)(O)OP(=O)(O)OC[C@H]3O[C@@H](n4cnc5c(N)ncnc54)[C@H](OP(=O)(O)O)[C@@H]3O)[C@@H](O)[C@H]2O)C=CC1.O=C1CC(O)C(=C(O)Cc2ccccc2)O1.O=O >> NC(=O)c1ccc[n+]([C@@H]2O[C@H](COP(=O)(O)OP(=O)(O)OC[C@H]3O[C@@H](n4cnc5c(N)ncnc54)[C@H](OP(=O)(O)O)[C@@H]3O)[C@@H](O)[C@H]2O)c1.O.O=C1CC(O)C(=C(O)CC2=CC=CC3OC23)O1,rule0951_1,No_Thermo,Enzymatic
Cl.O=C(O)CC(=O)C(O)=CCc1ccccc1,O.O=C(O)CC(=O)C(Cl)=CCc1ccccc1,Cl.O=C(O)CC(=O)C(O)=CCc1ccccc1 >> O.O=C(O)CC(=O)C(Cl)=CCc1ccccc1,rule0183_6,No_Thermo,Enzymatic
O=C(O)CC(=O)C(O)=CCc1ccccc1,O=C(CC(O)O)C1=CCc2ccc(cc2)O1,O=C(O)CC(=O)C(O)=CCc1ccccc1 >> O=C(CC(O)O)C1=CCc2ccc(cc2)O1,rule0169_1,No_Thermo,Enzymatic
NC(=O)C1=CN([C@@H]2O[C@H](COP(=O)(O)OP(=O)(O)OC[C@H]3O[C@@H](n4cnc5c(N)ncnc54)[C@H](OP(=O)(O)O)[C@@H]3O)[C@@H](O)[C@H]2O)C=CC1.O=O.Oc1ccccc1,NC(=O)c1ccc[n+]([C@@H]2O[C@H](COP(=O)(O)OP(=O)(O)OC[C@H]3O[C@@H](n4cnc5c(N)ncnc54)[C@H](OP(=O)(O)O)[C@@H]3O)[C@@H](O)[C@H]2O)c1.O.Oc1ccc(O)cc1,NC(=O)C1=CN([C@@H]2O[C@H](COP(=O)(O)OP(=O)(O)OC[C@H]3O[C@@H](n4cnc5c(N)ncnc54)[C@H](OP(=O)(O)O)[C@@H]3O)[C@@H](O)[C@H]2O)C=CC1.O=O.Oc1ccccc1 >> NC(=O)c1ccc[n+]([C@@H]2O[C@H](COP(=O)(O)OP(=O)(O)OC[C@H]3O[C@@H](n4cnc5c(N)ncnc54)[C@H](OP(=O)(O)O)[C@@H]3O)[C@@H](O)[C@H]2O)c1.O.Oc1ccc(O)cc1,rule0004_10,No_Thermo,Enzymatic
NC(=O)C1=CN([C@@H]2O[C@H](COP(=O)(O)OP(=O)(O)OC[C@H]3O[C@@H](n4cnc5c(N)ncnc54)[C@H](OP(=O)(O)O)[C@@H]3O)[C@@H](O)[C@H]2O)C=CC1.O=C1CC(=O)C(=CCc2ccccc2)O1.O=O,NC(=O)c1ccc[n+]([C@@H]2O[C@H](COP(=O)(O)OP(=O)(O)OC[C@H]3O[C@@H](n4cnc5c(N)ncnc54)[C@H](OP(=O)(O)O)[C@@H]3O)[C@@H](O)[C@H]2O)c1.O.O=C1CC(=O)C(=CCc2ccc(O)cc2)O1,NC(=O)C1=CN([C@@H]2O[C@H](COP(=O)(O)OP(=O)(O)OC[C@H]3O[C@@H](n4cnc5c(N)ncnc54)[C@H](OP(=O)(O)O)[C@@H]3O)[C@@H](O)[C@H]2O)C=CC1.O=C1CC(=O)C(=CCc2ccccc2)O1.O=O >> NC(=O)c1ccc[n+]([C@@H]2O[C@H](COP(=O)(O)OP(=O)(O)OC[C@H]3O[C@@H](n4cnc5c(N)ncnc54)[C@H](OP(=O)(O)O)[C@@H]3O)[C@@H](O)[C@H]2O)c1.O.O=C1CC(=O)C(=CCc2ccc(O)cc2)O1,rule0004_10,No_Thermo,Enzymatic
NC(=O)C1=CN([C@@H]2O[C@H](COP(=O)(O)OP(=O)(O)OC[C@H]3O[C@@H](n4cnc5c(N)ncnc54)[C@H](OP(=O)(O)O)[C@@H]3O)[C@@H](O)[C@H]2O)C=CC1.O=C1CC(=O)C(=CCc2ccccc2)O1.O=O,NC(=O)c1ccc[n+]([C@@H]2O[C@H](COP(=O)(O)OP(=O)(O)OC[C@H]3O[C@@H](n4cnc5c(N)ncnc54)[C@H](OP(=O)(O)O)[C@@H]3O)[C@@H](O)[C@H]2O)c1.O.O=C1CC(=O)C(=C(O)Cc2ccccc2)O1,NC(=O)C1=CN([C@@H]2O[C@H](COP(=O)(O)OP(=O)(O)OC[C@H]3O[C@@H](n4cnc5c(N)ncnc54)[C@H](OP(=O)(O)O)[C@@H]3O)[C@@H](O)[C@H]2O)C=CC1.O=C1CC(=O)C(=CCc2ccccc2)O1.O=O >> NC(=O)c1ccc[n+]([C@@H]2O[C@H](COP(=O)(O)OP(=O)(O)OC[C@H]3O[C@@H](n4cnc5c(N)ncnc54)[C@H](OP(=O)(O)O)[C@@H]3O)[C@@H](O)[C@H]2O)c1.O.O=C1CC(=O)C(=C(O)Cc2ccccc2)O1,rule0004_13,No_Thermo,Enzymatic
O=C1CC(=O)C(O)(CCc2ccccc2)O1.OO,O.O=C1CC(=O)C(O)(CCc2ccc(O)cc2)O1,O=C1CC(=O)C(O)(CCc2ccccc2)O1.OO >> O.O=C1CC(=O)C(O)(CCc2ccc(O)cc2)O1,rule1165_2,No_Thermo,Enzymatic
O.O=C1CC(=O)C2(O1)OC2Cc1ccccc1,CC1OC12OC(=O)CC2=O.Oc1ccccc1,O.O=C1CC(=O)C2(O1)OC2Cc1ccccc1 >> CC1OC12OC(=O)CC2=O.Oc1ccccc1,rule0085_1,No_Thermo,Enzymatic
C[S+](CC[C@H](N)C(=O)O)C[C@H]1O[C@@H](n2cnc3c(N)ncnc32)[C@H](O)[C@@H]1O.Oc1ccccc1,COc1ccccc1.Nc1ncnc2c1ncn2[C@@H]1O[C@H](CSCC[C@H](N)C(=O)O)[C@@H](O)[C@H]1O,C[S+](CC[C@H](N)C(=O)O)C[C@H]1O[C@@H](n2cnc3c(N)ncnc32)[C@H](O)[C@@H]1O.Oc1ccccc1 >> COc1ccccc1.Nc1ncnc2c1ncn2[C@@H]1O[C@H](CSCC[C@H](N)C(=O)O)[C@@H](O)[C@H]1O,rule0011_46,No_Thermo,Enzymatic
NC(=O)C1=CN([C@@H]2O[C@H](COP(=O)(O)OP(=O)(O)OC[C@H]3O[C@@H](n4cnc5c(N)ncnc54)[C@H](OP(=O)(O)O)[C@@H]3O)[C@@H](O)[C@H]2O)C=CC1.O=C(O)CC(=O)C(O)=CCc1ccccc1.O=O,NC(=O)c1ccc[n+]([C@@H]2O[C@H](COP(=O)(O)OP(=O)(O)OC[C@H]3O[C@@H](n4cnc5c(N)ncnc54)[C@H](OP(=O)(O)O)[C@@H]3O)[C@@H](O)[C@H]2O)c1.O.O=C(O)CC(=O)C(O)=CCC12C=CC=CC1O2,NC(=O)C1=CN([C@@H]2O[C@H](COP(=O)(O)OP(=O)(O)OC[C@H]3O[C@@H](n4cnc5c(N)ncnc54)[C@H](OP(=O)(O)O)[C@@H]3O)[C@@H](O)[C@H]2O)C=CC1.O=C(O)CC(=O)C(O)=CCc1ccccc1.O=O >> NC(=O)c1ccc[n+]([C@@H]2O[C@H](COP(=O)(O)OP(=O)(O)OC[C@H]3O[C@@H](n4cnc5c(N)ncnc54)[C@H](OP(=O)(O)O)[C@@H]3O)[C@@H](O)[C@H]2O)c1.O.O=C(O)CC(=O)C(O)=CCC12C=CC=CC1O2,rule0951_1,No_Thermo,Enzymatic
NC(=O)c1ccc[n+]([C@@H]2O[C@H](COP(=O)(O)OP(=O)(O)OC[C@H]3O[C@@H](n4cnc5c(N)ncnc54)[C@H](OP(=O)(O)O)[C@@H]3O)[C@@H](O)[C@H]2O)c1.O.O=C1CC(O)C(=CC(O)c2ccccc2)O1,NC(=O)C1=CN([C@@H]2O[C@H](COP(=O)(O)OP(=O)(O)OC[C@H]3O[C@@H](n4cnc5c(N)ncnc54)[C@H](OP(=O)(O)O)[C@@H]3O)[C@@H](O)[C@H]2O)C=CC1.O=C1CC(O)C(=CCc2ccccc2)O1.O=O,NC(=O)c1ccc[n+]([C@@H]2O[C@H](COP(=O)(O)OP(=O)(O)OC[C@H]3O[C@@H](n4cnc5c(N)ncnc54)[C@H](OP(=O)(O)O)[C@@H]3O)[C@@H](O)[C@H]2O)c1.O.O=C1CC(O)C(=CC(O)c2ccccc2)O1 >> NC(=O)C1=CN([C@@H]2O[C@H](COP(=O)(O)OP(=O)(O)OC[C@H]3O[C@@H](n4cnc5c(N)ncnc54)[C@H](OP(=O)(O)O)[C@@H]3O)[C@@H](O)[C@H]2O)C=CC1.O=C1CC(O)C(=CCc2ccccc2)O1.O=O,rule0005_61,No_Thermo,Enzymatic
O.O=C1CC(=O)C(=C(O)Cc2ccccc2)O1,O=C(O)CC(=O)C(O)=C(O)Cc1ccccc1,O.O=C1CC(=O)C(=C(O)Cc2ccccc2)O1 >> O=C(O)CC(=O)C(O)=C(O)Cc1ccccc1,rule0035_7,No_Thermo,Enzymatic
NC(=O)C1=CN([C@@H]2O[C@H](COP(=O)(O)OP(=O)(O)OC[C@H]3O[C@@H](n4cnc5c(N)ncnc54)[C@H](OP(=O)(O)O)[C@@H]3O)[C@@H](O)[C@H]2O)C=CC1.O=C1CC(=O)C(=CCc2ccccc2)O1.O=O,NC(=O)c1ccc[n+]([C@@H]2O[C@H](COP(=O)(O)OP(=O)(O)OC[C@H]3O[C@@H](n4cnc5c(N)ncnc54)[C@H](OP(=O)(O)O)[C@@H]3O)[C@@H](O)[C@H]2O)c1.O.O=C1CC(=O)C2(O1)OC2Cc1ccccc1,NC(=O)C1=CN([C@@H]2O[C@H](COP(=O)(O)OP(=O)(O)OC[C@H]3O[C@@H](n4cnc5c(N)ncnc54)[C@H](OP(=O)(O)O)[C@@H]3O)[C@@H](O)[C@H]2O)C=CC1.O=C1CC(=O)C(=CCc2ccccc2)O1.O=O >> NC(=O)c1ccc[n+]([C@@H]2O[C@H](COP(=O)(O)OP(=O)(O)OC[C@H]3O[C@@H](n4cnc5c(N)ncnc54)[C@H](OP(=O)(O)O)[C@@H]3O)[C@@H](O)[C@H]2O)c1.O.O=C1CC(=O)C2(O1)OC2Cc1ccccc1,rule0077_4,No_Thermo,Enzymatic
NC(=O)C1=CN([C@@H]2O[C@H](COP(=O)(O)OP(=O)(O)OC[C@H]3O[C@@H](n4cnc5c(N)ncnc54)[C@H](OP(=O)(O)O)[C@@H]3O)[C@@H](O)[C@H]2O)C=CC1.O=C1CC(=O)C(=CCc2cccc(O)c2)O1.O=O,NC(=O)c1ccc[n+]([C@@H]2O[C@H](COP(=O)(O)OP(=O)(O)OC[C@H]3O[C@@H](n4cnc5c(N)ncnc54)[C@H](OP(=O)(O)O)[C@@H]3O)[C@@H](O)[C@H]2O)c1.O.O=C1CC(=O)C(=CCC2=CC=CC3(O)OC23)O1,NC(=O)C1=CN([C@@H]2O[C@H](COP(=O)(O)OP(=O)(O)OC[C@H]3O[C@@H](n4cnc5c(N)ncnc54)[C@H](OP(=O)(O)O)[C@@H]3O)[C@@H](O)[C@H]2O)C=CC1.O=C1CC(=O)C(=CCc2cccc(O)c2)O1.O=O >> NC(=O)c1ccc[n+]([C@@H]2O[C@H](COP(=O)(O)OP(=O)(O)OC[C@H]3O[C@@H](n4cnc5c(N)ncnc54)[C@H](OP(=O)(O)O)[C@@H]3O)[C@@H](O)[C@H]2O)c1.O.O=C1CC(=O)C(=CCC2=CC=CC3(O)OC23)O1,rule0951_1,No_Thermo,Enzymatic
NC(=O)C1=CN([C@@H]2O[C@H](COP(=O)(O)OP(=O)(O)OC[C@H]3O[C@@H](n4cnc5c(N)ncnc54)[C@H](OP(=O)(O)O)[C@@H]3O)[C@@H](O)[C@H]2O)C=CC1.O=C1CC(=O)C(=CCc2ccccc2O)O1.O=O,NC(=O)c1ccc[n+]([C@@H]2O[C@H](COP(=O)(O)OP(=O)(O)OC[C@H]3O[C@@H](n4cnc5c(N)ncnc54)[C@H](OP(=O)(O)O)[C@@H]3O)[C@@H](O)[C@H]2O)c1.O.O=C1CC(=O)C(=CCc2c(O)cccc2O)O1,NC(=O)C1=CN([C@@H]2O[C@H](COP(=O)(O)OP(=O)(O)OC[C@H]3O[C@@H](n4cnc5c(N)ncnc54)[C@H](OP(=O)(O)O)[C@@H]3O)[C@@H](O)[C@H]2O)C=CC1.O=C1CC(=O)C(=CCc2ccccc2O)O1.O=O >> NC(=O)c1ccc[n+]([C@@H]2O[C@H](COP(=O)(O)OP(=O)(O)OC[C@H]3O[C@@H](n4cnc5c(N)ncnc54)[C@H](OP(=O)(O)O)[C@@H]3O)[C@@H](O)[C@H]2O)c1.O.O=C1CC(=O)C(=CCc2c(O)cccc2O)O1,rule0004_10,No_Thermo,Enzymatic
O=C1CC(O)C(=C(O)Cc2ccccc2)O1.OO,O.O=C1CC(O)C(=C(O)Cc2ccccc2O)O1,O=C1CC(O)C(=C(O)Cc2ccccc2)O1.OO >> O.O=C1CC(O)C(=C(O)Cc2ccccc2O)O1,rule1165_2,No_Thermo,Enzymatic
NC(=O)C1=CN([C@@H]2O[C@H](COP(=O)(O)OP(=O)(O)OC[C@H]3O[C@@H](n4cnc5c(N)ncnc54)[C@H](OP(=O)(O)O)[C@@H]3O)[C@@H](O)[C@H]2O)C=CC1.O=C1CC(=O)C(=CCc2ccccc2)O1.O=O,NC(=O)c1ccc[n+]([C@@H]2O[C@H](COP(=O)(O)OP(=O)(O)OC[C@H]3O[C@@H](n4cnc5c(N)ncnc54)[C@H](OP(=O)(O)O)[C@@H]3O)[C@@H](O)[C@H]2O)c1.O=C1CC(=O)C(=CCC2=CC(O)C(O)C=C2)O1,NC(=O)C1=CN([C@@H]2O[C@H](COP(=O)(O)OP(=O)(O)OC[C@H]3O[C@@H](n4cnc5c(N)ncnc54)[C@H](OP(=O)(O)O)[C@@H]3O)[C@@H](O)[C@H]2O)C=CC1.O=C1CC(=O)C(=CCc2ccccc2)O1.O=O >> NC(=O)c1ccc[n+]([C@@H]2O[C@H](COP(=O)(O)OP(=O)(O)OC[C@H]3O[C@@H](n4cnc5c(N)ncnc54)[C@H](OP(=O)(O)O)[C@@H]3O)[C@@H](O)[C@H]2O)c1.O=C1CC(=O)C(=CCC2=CC(O)C(O)C=C2)O1,rule0094_1,No_Thermo,Enzymatic
Cc1cccc(C=C2OC(=O)CC2=O)c1.NC(=O)C1=CN([C@@H]2O[C@H](COP(=O)(O)OP(=O)(O)OC[C@H]3O[C@@H](n4cnc5c(N)ncnc54)[C@H](OP(=O)(O)O)[C@@H]3O)[C@@H](O)[C@H]2O)C=CC1.O=O,Cc1cccc(C=C2OC(=O)CC2=O)c1O.NC(=O)c1ccc[n+]([C@@H]2O[C@H](COP(=O)(O)OP(=O)(O)OC[C@H]3O[C@@H](n4cnc5c(N)ncnc54)[C@H](OP(=O)(O)O)[C@@H]3O)[C@@H](O)[C@H]2O)c1.O,Cc1cccc(C=C2OC(=O)CC2=O)c1.NC(=O)C1=CN([C@@H]2O[C@H](COP(=O)(O)OP(=O)(O)OC[C@H]3O[C@@H](n4cnc5c(N)ncnc54)[C@H](OP(=O)(O)O)[C@@H]3O)[C@@H](O)[C@H]2O)C=CC1.O=O >> Cc1cccc(C=C2OC(=O)CC2=O)c1O.NC(=O)c1ccc[n+]([C@@H]2O[C@H](COP(=O)(O)OP(=O)(O)OC[C@H]3O[C@@H](n4cnc5c(N)ncnc54)[C@H](OP(=O)(O)O)[C@@H]3O)[C@@H](O)[C@H]2O)c1.O,rule0004_10,No_Thermo,Enzymatic
O.O=C1CC(=O)C(=CCc2cccc(O)c2)O1,O=C(O)CC(=O)C(O)=CCc1cccc(O)c1,O.O=C1CC(=O)C(=CCc2cccc(O)c2)O1 >> O=C(O)CC(=O)C(O)=CCc1cccc(O)c1,rule0035_7,No_Thermo,Enzymatic
O=C1CC(O)C(=CC(O)c2ccccc2)O1,O=CC=C1OC(=O)CC1O.c1ccccc1,O=C1CC(O)C(=CC(O)c2ccccc2)O1 >> O=CC=C1OC(=O)CC1O.c1ccccc1,rule0053_13,No_Thermo,Enzymatic
NC(=O)C1=CN([C@@H]2O[C@H](COP(=O)(O)OP(=O)(O)OC[C@H]3O[C@@H](n4cnc5c(N)ncnc54)[C@H](OP(=O)(O)O)[C@@H]3O)[C@@H](O)[C@H]2O)C=CC1.O=C1CC(=O)C(=CCc2ccc(O)cc2)O1.O=O,NC(=O)c1ccc[n+]([C@@H]2O[C@H](COP(=O)(O)OP(=O)(O)OC[C@H]3O[C@@H](n4cnc5c(N)ncnc54)[C@H](OP(=O)(O)O)[C@@H]3O)[C@@H](O)[C@H]2O)c1.O.O=C1CC(=O)C(=CCc2ccc(O)cc2O)O1,NC(=O)C1=CN([C@@H]2O[C@H](COP(=O)(O)OP(=O)(O)OC[C@H]3O[C@@H](n4cnc5c(N)ncnc54)[C@H](OP(=O)(O)O)[C@@H]3O)[C@@H](O)[C@H]2O)C=CC1.O=C1CC(=O)C(=CCc2ccc(O)cc2)O1.O=O >> NC(=O)c1ccc[n+]([C@@H]2O[C@H](COP(=O)(O)OP(=O)(O)OC[C@H]3O[C@@H](n4cnc5c(N)ncnc54)[C@H](OP(=O)(O)O)[C@@H]3O)[C@@H](O)[C@H]2O)c1.O.O=C1CC(=O)C(=CCc2ccc(O)cc2O)O1,rule0004_10,No_Thermo,Enzymatic
CC=C1OC(=O)CC1=O.O,O=C1CC(O)C(=CCO)O1,CC=C1OC(=O)CC1=O.O >> O=C1CC(O)C(=CCO)O1,rule0070_6,No_Thermo,Enzymatic
NC(=O)C1=CN([C@@H]2O[C@H](COP(=O)(O)OP(=O)(O)OC[C@H]3O[C@@H](n4cnc5c(N)ncnc54)[C@H](OP(=O)(O)O)[C@@H]3O)[C@@H](O)[C@H]2O)C=CC1.O=C1CC(=O)C(=CCC23C=CC=CC2O3)O1.O=O,NC(=O)c1ccc[n+]([C@@H]2O[C@H](COP(=O)(O)OP(=O)(O)OC[C@H]3O[C@@H](n4cnc5c(N)ncnc54)[C@H](OP(=O)(O)O)[C@@H]3O)[C@@H](O)[C@H]2O)c1.O.O=C1CC(=O)C(=C(O)CC23C=CC=CC2O3)O1,NC(=O)C1=CN([C@@H]2O[C@H](COP(=O)(O)OP(=O)(O)OC[C@H]3O[C@@H](n4cnc5c(N)ncnc54)[C@H](OP(=O)(O)O)[C@@H]3O)[C@@H](O)[C@H]2O)C=CC1.O=C1CC(=O)C(=CCC23C=CC=CC2O3)O1.O=O >> NC(=O)c1ccc[n+]([C@@H]2O[C@H](COP(=O)(O)OP(=O)(O)OC[C@H]3O[C@@H](n4cnc5c(N)ncnc54)[C@H](OP(=O)(O)O)[C@@H]3O)[C@@H](O)[C@H]2O)c1.O.O=C1CC(=O)C(=C(O)CC23C=CC=CC2O3)O1,rule0004_13,No_Thermo,Enzymatic
Cc1cccc(C=C2OC(=O)CC2=O)c1.OO,Cc1cc(C=C2OC(=O)CC2=O)ccc1O.O,Cc1cccc(C=C2OC(=O)CC2=O)c1.OO >> Cc1cc(C=C2OC(=O)CC2=O)ccc1O.O,rule1165_2,No_Thermo,Enzymatic
O=C1CC(=O)C(=C(O)Cc2ccccc2)O1,Cc1ccccc1.O=C=C1OC(=O)CC1=O,O=C1CC(=O)C(=C(O)Cc2ccccc2)O1 >> Cc1ccccc1.O=C=C1OC(=O)CC1=O,rule0053_20,No_Thermo,Enzymatic
Cc1cccc(C=C2OC(=O)CC2=O)c1.NC(=O)C1=CN([C@@H]2O[C@H](COP(=O)(O)OP(=O)(O)OC[C@H]3O[C@@H](n4cnc5c(N)ncnc54)[C@H](OP(=O)(O)O)[C@@H]3O)[C@@H](O)[C@H]2O)C=CC1.O=O,CC1=CC2OC2C(C=C2OC(=O)CC2=O)=C1.NC(=O)c1ccc[n+]([C@@H]2O[C@H](COP(=O)(O)OP(=O)(O)OC[C@H]3O[C@@H](n4cnc5c(N)ncnc54)[C@H](OP(=O)(O)O)[C@@H]3O)[C@@H](O)[C@H]2O)c1.O,Cc1cccc(C=C2OC(=O)CC2=O)c1.NC(=O)C1=CN([C@@H]2O[C@H](COP(=O)(O)OP(=O)(O)OC[C@H]3O[C@@H](n4cnc5c(N)ncnc54)[C@H](OP(=O)(O)O)[C@@H]3O)[C@@H](O)[C@H]2O)C=CC1.O=O >> CC1=CC2OC2C(C=C2OC(=O)CC2=O)=C1.NC(=O)c1ccc[n+]([C@@H]2O[C@H](COP(=O)(O)OP(=O)(O)OC[C@H]3O[C@@H](n4cnc5c(N)ncnc54)[C@H](OP(=O)(O)O)[C@@H]3O)[C@@H](O)[C@H]2O)c1.O,rule0951_1,No_Thermo,Enzymatic
O.O=C1CC(=O)C(=CCc2ccccc2)O1,O=C(O)CC(=O)C(O)=CCc1ccccc1,O.O=C1CC(=O)C(=CCc2ccccc2)O1 >> O=C(O)CC(=O)C(O)=CCc1ccccc1,rule0035_7,No_Thermo,Enzymatic
NC(=O)C1=CN([C@@H]2O[C@H](COP(=O)(O)OP(=O)(O)OC[C@H]3O[C@@H](n4cnc5c(N)ncnc54)[C@H](OP(=O)(O)O)[C@@H]3O)[C@@H](O)[C@H]2O)C=CC1.O=C1CC(O)OC1=CC(O)c1ccccc1.O=O,NC(=O)c1ccc[n+]([C@@H]2O[C@H](COP(=O)(O)OP(=O)(O)OC[C@H]3O[C@@H](n4cnc5c(N)ncnc54)[C@H](OP(=O)(O)O)[C@@H]3O)[C@@H](O)[C@H]2O)c1.O.O=C1CC(O)OC1=CC(O)C1=CC2OC2C=C1,NC(=O)C1=CN([C@@H]2O[C@H](COP(=O)(O)OP(=O)(O)OC[C@H]3O[C@@H](n4cnc5c(N)ncnc54)[C@H](OP(=O)(O)O)[C@@H]3O)[C@@H](O)[C@H]2O)C=CC1.O=C1CC(O)OC1=CC(O)c1ccccc1.O=O >> NC(=O)c1ccc[n+]([C@@H]2O[C@H](COP(=O)(O)OP(=O)(O)OC[C@H]3O[C@@H](n4cnc5c(N)ncnc54)[C@H](OP(=O)(O)O)[C@@H]3O)[C@@H](O)[C@H]2O)c1.O.O=C1CC(O)OC1=CC(O)C1=CC2OC2C=C1,rule0951_1,No_Thermo,Enzymatic
NC(=O)C1=CN([C@@H]2O[C@H](COP(=O)(O)OP(=O)(O)OC[C@H]3O[C@@H](n4cnc5c(N)ncnc54)[C@H](OP(=O)(O)O)[C@@H]3O)[C@@H](O)[C@H]2O)C=CC1.O=C1CC(=O)C(=CCC2=CC3OC3C=C2)O1.O=O,NC(=O)c1ccc[n+]([C@@H]2O[C@H](COP(=O)(O)OP(=O)(O)OC[C@H]3O[C@@H](n4cnc5c(N)ncnc54)[C@H](OP(=O)(O)O)[C@@H]3O)[C@@H](O)[C@H]2O)c1.O.O=C1CC(=O)C(=C(O)CC2=CC3OC3C=C2)O1,NC(=O)C1=CN([C@@H]2O[C@H](COP(=O)(O)OP(=O)(O)OC[C@H]3O[C@@H](n4cnc5c(N)ncnc54)[C@H](OP(=O)(O)O)[C@@H]3O)[C@@H](O)[C@H]2O)C=CC1.O=C1CC(=O)C(=CCC2=CC3OC3C=C2)O1.O=O >> NC(=O)c1ccc[n+]([C@@H]2O[C@H](COP(=O)(O)OP(=O)(O)OC[C@H]3O[C@@H](n4cnc5c(N)ncnc54)[C@H](OP(=O)(O)O)[C@@H]3O)[C@@H](O)[C@H]2O)c1.O.O=C1CC(=O)C(=C(O)CC2=CC3OC3C=C2)O1,rule0004_13,No_Thermo,Enzymatic
O=C(O)CC(=O)C(O)=CCc1ccccc1.OO,O.O=C(O)CC(=O)C(O)=CCc1ccc(O)cc1,O=C(O)CC(=O)C(O)=CCc1ccccc1.OO >> O.O=C(O)CC(=O)C(O)=CCc1ccc(O)cc1,rule1165_2,No_Thermo,Enzymatic
Cc1cccc(C=C2OC(=O)CC2=O)c1.NC(=O)C1=CN([C@@H]2O[C@H](COP(=O)(O)OP(=O)(O)OC[C@H]3O[C@@H](n4cnc5c(N)ncnc54)[C@H](OP(=O)(O)O)[C@@H]3O)[C@@H](O)[C@H]2O)C=CC1.O=O,CC1=CC=CC(O)(C=C2OC(=O)CC2=O)C1O.NC(=O)c1ccc[n+]([C@@H]2O[C@H](COP(=O)(O)OP(=O)(O)OC[C@H]3O[C@@H](n4cnc5c(N)ncnc54)[C@H](OP(=O)(O)O)[C@@H]3O)[C@@H](O)[C@H]2O)c1,Cc1cccc(C=C2OC(=O)CC2=O)c1.NC(=O)C1=CN([C@@H]2O[C@H](COP(=O)(O)OP(=O)(O)OC[C@H]3O[C@@H](n4cnc5c(N)ncnc54)[C@H](OP(=O)(O)O)[C@@H]3O)[C@@H](O)[C@H]2O)C=CC1.O=O >> CC1=CC=CC(O)(C=C2OC(=O)CC2=O)C1O.NC(=O)c1ccc[n+]([C@@H]2O[C@H](COP(=O)(O)OP(=O)(O)OC[C@H]3O[C@@H](n4cnc5c(N)ncnc54)[C@H](OP(=O)(O)O)[C@@H]3O)[C@@H](O)[C@H]2O)c1,rule0094_1,No_Thermo,Enzymatic
O.O=C1CC(=O)C(=CCC23C=CC=CC2O3)O1,O=C(O)CC(=O)C(O)=CCC12C=CC=CC1O2,O.O=C1CC(=O)C(=CCC23C=CC=CC2O3)O1 >> O=C(O)CC(=O)C(O)=CCC12C=CC=CC1O2,rule0035_7,No_Thermo,Enzymatic
Cc1ccc(C=C2OC(=O)CC2=O)cc1.OO,Cc1ccc(C(O)=C2OC(=O)CC2=O)cc1.O,Cc1ccc(C=C2OC(=O)CC2=O)cc1.OO >> Cc1ccc(C(O)=C2OC(=O)CC2=O)cc1.O,rule1165_1,No_Thermo,Enzymatic
NC(=O)c1ccc[n+]([C@@H]2O[C@H](COP(=O)(O)OP(=O)(O)OC[C@H]3O[C@@H](n4cnc5c(N)ncnc54)[C@H](OP(=O)(O)O)[C@@H]3O)[C@@H](O)[C@H]2O)c1.O.O=C(O)CC(=O)C(O)=CCc1ccccc1,NC(=O)C1=CN([C@@H]2O[C@H](COP(=O)(O)OP(=O)(O)OC[C@H]3O[C@@H](n4cnc5c(N)ncnc54)[C@H](OP(=O)(O)O)[C@@H]3O)[C@@H](O)[C@H]2O)C=CC1.O=CCC(=O)C(O)=CCc1ccccc1.O=O,NC(=O)c1ccc[n+]([C@@H]2O[C@H](COP(=O)(O)OP(=O)(O)OC[C@H]3O[C@@H](n4cnc5c(N)ncnc54)[C@H](OP(=O)(O)O)[C@@H]3O)[C@@H](O)[C@H]2O)c1.O.O=C(O)CC(=O)C(O)=CCc1ccccc1 >> NC(=O)C1=CN([C@@H]2O[C@H](COP(=O)(O)OP(=O)(O)OC[C@H]3O[C@@H](n4cnc5c(N)ncnc54)[C@H](OP(=O)(O)O)[C@@H]3O)[C@@H](O)[C@H]2O)C=CC1.O=CCC(=O)C(O)=CCc1ccccc1.O=O,rule0005_60,No_Thermo,Enzymatic
NC(=O)C1=CN([C@@H]2O[C@H](COP(=O)(O)OP(=O)(O)OC[C@H]3O[C@@H](n4cnc5c(N)ncnc54)[C@H](OP(=O)(O)O)[C@@H]3O)[C@@H](O)[C@H]2O)C=CC1.O=C1CC(=O)C(=CCc2ccccc2O)O1.O=O,NC(=O)c1ccc[n+]([C@@H]2O[C@H](COP(=O)(O)OP(=O)(O)OC[C@H]3O[C@@H](n4cnc5c(N)ncnc54)[C@H](OP(=O)(O)O)[C@@H]3O)[C@@H](O)[C@H]2O)c1.O.O=C1CC(=O)C(=CCC2=C(O)C3OC3C=C2)O1,NC(=O)C1=CN([C@@H]2O[C@H](COP(=O)(O)OP(=O)(O)OC[C@H]3O[C@@H](n4cnc5c(N)ncnc54)[C@H](OP(=O)(O)O)[C@@H]3O)[C@@H](O)[C@H]2O)C=CC1.O=C1CC(=O)C(=CCc2ccccc2O)O1.O=O >> NC(=O)c1ccc[n+]([C@@H]2O[C@H](COP(=O)(O)OP(=O)(O)OC[C@H]3O[C@@H](n4cnc5c(N)ncnc54)[C@H](OP(=O)(O)O)[C@@H]3O)[C@@H](O)[C@H]2O)c1.O.O=C1CC(=O)C(=CCC2=C(O)C3OC3C=C2)O1,rule0951_1,No_Thermo,Enzymatic
O=C1CC(=O)C(=CCC23C=CC=CC2O3)O1,CC12C=CC=CC1(C=C1OC(=O)CC1=O)O2,O=C1CC(=O)C(=CCC23C=CC=CC2O3)O1 >> CC12C=CC=CC1(C=C1OC(=O)CC1=O)O2,rule0028_51,No_Thermo,Enzymatic
NC(=O)C1=CN([C@@H]2O[C@H](COP(=O)(O)OP(=O)(O)OC[C@H]3O[C@@H](n4cnc5c(N)ncnc54)[C@H](OP(=O)(O)O)[C@@H]3O)[C@@H](O)[C@H]2O)C=CC1.O=C(O)CC(=O)C(O)=CCc1ccccc1,CC(O)(C(=O)O)C(O)=CCc1ccccc1.NC(=O)c1ccc[n+]([C@@H]2O[C@H](COP(=O)(O)OP(=O)(O)OC[C@H]3O[C@@H](n4cnc5c(N)ncnc54)[C@H](OP(=O)(O)O)[C@@H]3O)[C@@H](O)[C@H]2O)c1,NC(=O)C1=CN([C@@H]2O[C@H](COP(=O)(O)OP(=O)(O)OC[C@H]3O[C@@H](n4cnc5c(N)ncnc54)[C@H](OP(=O)(O)O)[C@@H]3O)[C@@H](O)[C@H]2O)C=CC1.O=C(O)CC(=O)C(O)=CCc1ccccc1 >> CC(O)(C(=O)O)C(O)=CCc1ccccc1.NC(=O)c1ccc[n+]([C@@H]2O[C@H](COP(=O)(O)OP(=O)(O)OC[C@H]3O[C@@H](n4cnc5c(N)ncnc54)[C@H](OP(=O)(O)O)[C@@H]3O)[C@@H](O)[C@H]2O)c1,rule0348_1,No_Thermo,Enzymatic
O=C1CC(=O)C(=CCc2cccc(O)c2)O1.OO,O.O=C1CC(=O)C(=CCc2cc(O)ccc2O)O1,O=C1CC(=O)C(=CCc2cccc(O)c2)O1.OO >> O.O=C1CC(=O)C(=CCc2cc(O)ccc2O)O1,rule1165_2,No_Thermo,Enzymatic
O=C1CC(=O)C2(O1)OC2Cc1ccccc1.OO,O.O=C1CC(=O)C2(O1)OC2Cc1ccc(O)cc1,O=C1CC(=O)C2(O1)OC2Cc1ccccc1.OO >> O.O=C1CC(=O)C2(O1)OC2Cc1ccc(O)cc1,rule1165_2,No_Thermo,Enzymatic
NC(=O)C1=CN([C@@H]2O[C@H](COP(=O)(O)OP(=O)(O)OC[C@H]3O[C@@H](n4cnc5c(N)ncnc54)[C@H](OP(=O)(O)O)[C@@H]3O)[C@@H](O)[C@H]2O)C=CC1.O=C1CC(=O)C(=CC(O)c2ccccc2)O1.O=O,NC(=O)c1ccc[n+]([C@@H]2O[C@H](COP(=O)(O)OP(=O)(O)OC[C@H]3O[C@@H](n4cnc5c(N)ncnc54)[C@H](OP(=O)(O)O)[C@@H]3O)[C@@H](O)[C@H]2O)c1.O.O=C1CC(=O)C(=C(O)C(O)c2ccccc2)O1,NC(=O)C1=CN([C@@H]2O[C@H](COP(=O)(O)OP(=O)(O)OC[C@H]3O[C@@H](n4cnc5c(N)ncnc54)[C@H](OP(=O)(O)O)[C@@H]3O)[C@@H](O)[C@H]2O)C=CC1.O=C1CC(=O)C(=CC(O)c2ccccc2)O1.O=O >> NC(=O)c1ccc[n+]([C@@H]2O[C@H](COP(=O)(O)OP(=O)(O)OC[C@H]3O[C@@H](n4cnc5c(N)ncnc54)[C@H](OP(=O)(O)O)[C@@H]3O)[C@@H](O)[C@H]2O)c1.O.O=C1CC(=O)C(=C(O)C(O)c2ccccc2)O1,rule0004_13,No_Thermo,Enzymatic
O.O=C1CC(=O)C(=CCc2ccccc2O)O1,O=C1CC(=O)C(O)(CCc2ccccc2O)O1,O.O=C1CC(=O)C(=CCc2ccccc2O)O1 >> O=C1CC(=O)C(O)(CCc2ccccc2O)O1,rule0020_19,No_Thermo,Enzymatic
O=C(O)CC(=O)C(O)=CCc1ccccc1,O.O=C1CC(=O)C(c2ccccc2)C=C1O,O=C(O)CC(=O)C(O)=CCc1ccccc1 >> O.O=C1CC(=O)C(c2ccccc2)C=C1O,rule0245_1,No_Thermo,Enzymatic
O=C1CC(O)OC1=CC(O)c1ccccc1,O=C1CC(O)OC1=Cc1cccc(CO)c1,O=C1CC(O)OC1=CC(O)c1ccccc1 >> O=C1CC(O)OC1=Cc1cccc(CO)c1,rule0028_51,No_Thermo,Enzymatic
NC(=O)C1=CN([C@@H]2O[C@H](COP(=O)(O)OP(=O)(O)OC[C@H]3O[C@@H](n4cnc5c(N)ncnc54)[C@H](OP(=O)(O)O)[C@@H]3O)[C@@H](O)[C@H]2O)C=CC1.O=C1CC(=O)C(=CCc2ccccc2)O1.O=O,NC(=O)c1ccc[n+]([C@@H]2O[C@H](COP(=O)(O)OP(=O)(O)OC[C@H]3O[C@@H](n4cnc5c(N)ncnc54)[C@H](OP(=O)(O)O)[C@@H]3O)[C@@H](O)[C@H]2O)c1.O.O=C1CC(=O)C(=CCC2=CC=CC3OC23)O1,NC(=O)C1=CN([C@@H]2O[C@H](COP(=O)(O)OP(=O)(O)OC[C@H]3O[C@@H](n4cnc5c(N)ncnc54)[C@H](OP(=O)(O)O)[C@@H]3O)[C@@H](O)[C@H]2O)C=CC1.O=C1CC(=O)C(=CCc2ccccc2)O1.O=O >> NC(=O)c1ccc[n+]([C@@H]2O[C@H](COP(=O)(O)OP(=O)(O)OC[C@H]3O[C@@H](n4cnc5c(N)ncnc54)[C@H](OP(=O)(O)O)[C@@H]3O)[C@@H](O)[C@H]2O)c1.O.O=C1CC(=O)C(=CCC2=CC=CC3OC23)O1,rule0951_1,No_Thermo,Enzymatic
O=C(O)CC(=O)C(O)=CCc1ccccc1,O=C(O)CC(=O)C(C=CO)c1ccccc1,O=C(O)CC(=O)C(O)=CCc1ccccc1 >> O=C(O)CC(=O)C(C=CO)c1ccccc1,rule0028_47,No_Thermo,Enzymatic
NC(=O)C1=CN([C@@H]2O[C@H](COP(=O)(O)OP(=O)(O)OC[C@H]3O[C@@H](n4cnc5c(N)ncnc54)[C@H](OP(=O)(O)O)[C@@H]3O)[C@@H](O)[C@H]2O)C=CC1.O=C1CC(=O)C(=C(O)Cc2ccccc2)O1.O=O,NC(=O)c1ccc[n+]([C@@H]2O[C@H](COP(=O)(O)OP(=O)(O)OC[C@H]3O[C@@H](n4cnc5c(N)ncnc54)[C@H](OP(=O)(O)O)[C@@H]3O)[C@@H](O)[C@H]2O)c1.O.O=C1CC(=O)C(=C(O)CC2=CC3OC3C=C2)O1,NC(=O)C1=CN([C@@H]2O[C@H](COP(=O)(O)OP(=O)(O)OC[C@H]3O[C@@H](n4cnc5c(N)ncnc54)[C@H](OP(=O)(O)O)[C@@H]3O)[C@@H](O)[C@H]2O)C=CC1.O=C1CC(=O)C(=C(O)Cc2ccccc2)O1.O=O >> NC(=O)c1ccc[n+]([C@@H]2O[C@H](COP(=O)(O)OP(=O)(O)OC[C@H]3O[C@@H](n4cnc5c(N)ncnc54)[C@H](OP(=O)(O)O)[C@@H]3O)[C@@H](O)[C@H]2O)c1.O.O=C1CC(=O)C(=C(O)CC2=CC3OC3C=C2)O1,rule0951_1,No_Thermo,Enzymatic
NC(=O)C1=CN([C@@H]2O[C@H](COP(=O)(O)OP(=O)(O)OC[C@H]3O[C@@H](n4cnc5c(N)ncnc54)[C@H](OP(=O)(O)O)[C@@H]3O)[C@@H](O)[C@H]2O)C=CC1.O=C1CC(=O)C(=CCc2cccc(O)c2)O1.O=O,NC(=O)c1ccc[n+]([C@@H]2O[C@H](COP(=O)(O)OP(=O)(O)OC[C@H]3O[C@@H](n4cnc5c(N)ncnc54)[C@H](OP(=O)(O)O)[C@@H]3O)[C@@H](O)[C@H]2O)c1.O.O=C1CC(=O)C(=CCC2=CC3OC3C(O)=C2)O1,NC(=O)C1=CN([C@@H]2O[C@H](COP(=O)(O)OP(=O)(O)OC[C@H]3O[C@@H](n4cnc5c(N)ncnc54)[C@H](OP(=O)(O)O)[C@@H]3O)[C@@H](O)[C@H]2O)C=CC1.O=C1CC(=O)C(=CCc2cccc(O)c2)O1.O=O >> NC(=O)c1ccc[n+]([C@@H]2O[C@H](COP(=O)(O)OP(=O)(O)OC[C@H]3O[C@@H](n4cnc5c(N)ncnc54)[C@H](OP(=O)(O)O)[C@@H]3O)[C@@H](O)[C@H]2O)c1.O.O=C1CC(=O)C(=CCC2=CC3OC3C(O)=C2)O1,rule0951_1,No_Thermo,Enzymatic
O=C(O)CC(=O)C(O)=CCc1ccccc1,O=C1OC1C(O)C(O)=CCc1ccccc1,O=C(O)CC(=O)C(O)=CCc1ccccc1 >> O=C1OC1C(O)C(O)=CCc1ccccc1,rule0169_1,No_Thermo,Enzymatic
NC(=O)C1=CN([C@@H]2O[C@H](COP(=O)(O)OP(=O)(O)OC[C@H]3O[C@@H](n4cnc5c(N)ncnc54)[C@H](OP(=O)(O)O)[C@@H]3O)[C@@H](O)[C@H]2O)C=CC1.O=C1CC(O)C(=CC(O)c2ccccc2)O1.O=O,NC(=O)c1ccc[n+]([C@@H]2O[C@H](COP(=O)(O)OP(=O)(O)OC[C@H]3O[C@@H](n4cnc5c(N)ncnc54)[C@H](OP(=O)(O)O)[C@@H]3O)[C@@H](O)[C@H]2O)c1.O.O=C1CC(O)C(=CC(O)c2ccc(O)cc2)O1,NC(=O)C1=CN([C@@H]2O[C@H](COP(=O)(O)OP(=O)(O)OC[C@H]3O[C@@H](n4cnc5c(N)ncnc54)[C@H](OP(=O)(O)O)[C@@H]3O)[C@@H](O)[C@H]2O)C=CC1.O=C1CC(O)C(=CC(O)c2ccccc2)O1.O=O >> NC(=O)c1ccc[n+]([C@@H]2O[C@H](COP(=O)(O)OP(=O)(O)OC[C@H]3O[C@@H](n4cnc5c(N)ncnc54)[C@H](OP(=O)(O)O)[C@@H]3O)[C@@H](O)[C@H]2O)c1.O.O=C1CC(O)C(=CC(O)c2ccc(O)cc2)O1,rule0004_10,No_Thermo,Enzymatic
O=C(O)CC(=O)C(O)=CCc1ccccc1.OO,O=C(O)CC(O)C(O)=CCc1ccccc1.O=O,O=C(O)CC(=O)C(O)=CCc1ccccc1.OO >> O=C(O)CC(O)C(O)=CCc1ccccc1.O=O,rule0078_11,No_Thermo,Enzymatic
O.O=C1CC(=O)C(O)(CCc2ccccc2)O1,O=C1CC(O)OC1(O)CC(O)c1ccccc1,O.O=C1CC(=O)C(O)(CCc2ccccc2)O1 >> O=C1CC(O)OC1(O)CC(O)c1ccccc1,rule0070_6,No_Thermo,Enzymatic
NC(=O)C1=CN([C@@H]2O[C@H](COP(=O)(O)OP(=O)(O)OC[C@H]3O[C@@H](n4cnc5c(N)ncnc54)[C@H](OP(=O)(O)O)[C@@H]3O)[C@@H](O)[C@H]2O)C=CC1.O=C1CC(=O)C(=CCc2ccc(O)cc2)O1.O=O,NC(=O)c1ccc[n+]([C@@H]2O[C@H](COP(=O)(O)OP(=O)(O)OC[C@H]3O[C@@H](n4cnc5c(N)ncnc54)[C@H](OP(=O)(O)O)[C@@H]3O)[C@@H](O)[C@H]2O)c1.O.O=C1CC(=O)C(=CC(O)c2ccc(O)cc2)O1,NC(=O)C1=CN([C@@H]2O[C@H](COP(=O)(O)OP(=O)(O)OC[C@H]3O[C@@H](n4cnc5c(N)ncnc54)[C@H](OP(=O)(O)O)[C@@H]3O)[C@@H](O)[C@H]2O)C=CC1.O=C1CC(=O)C(=CCc2ccc(O)cc2)O1.O=O >> NC(=O)c1ccc[n+]([C@@H]2O[C@H](COP(=O)(O)OP(=O)(O)OC[C@H]3O[C@@H](n4cnc5c(N)ncnc54)[C@H](OP(=O)(O)O)[C@@H]3O)[C@@H](O)[C@H]2O)c1.O.O=C1CC(=O)C(=CC(O)c2ccc(O)cc2)O1,rule0004_13,No_Thermo,Enzymatic
O=C1CC(=O)C(=CCc2ccccc2)O1,Cc1cccc(C=C2OC(=O)CC2=O)c1,O=C1CC(=O)C(=CCc2ccccc2)O1 >> Cc1cccc(C=C2OC(=O)CC2=O)c1,rule0028_51,No_Thermo,Enzymatic
NC(=O)C1=CN([C@@H]2O[C@H](COP(=O)(O)OP(=O)(O)OC[C@H]3O[C@@H](n4cnc5c(N)ncnc54)[C@H](OP(=O)(O)O)[C@@H]3O)[C@@H](O)[C@H]2O)C=CC1.O=C1CC(O)OC1=C(O)Cc1ccccc1.O=O,NC(=O)c1ccc[n+]([C@@H]2O[C@H](COP(=O)(O)OP(=O)(O)OC[C@H]3O[C@@H](n4cnc5c(N)ncnc54)[C@H](OP(=O)(O)O)[C@@H]3O)[C@@H](O)[C@H]2O)c1.O.O=C1CC(O)OC1=C(O)Cc1ccc(O)cc1,NC(=O)C1=CN([C@@H]2O[C@H](COP(=O)(O)OP(=O)(O)OC[C@H]3O[C@@H](n4cnc5c(N)ncnc54)[C@H](OP(=O)(O)O)[C@@H]3O)[C@@H](O)[C@H]2O)C=CC1.O=C1CC(O)OC1=C(O)Cc1ccccc1.O=O >> NC(=O)c1ccc[n+]([C@@H]2O[C@H](COP(=O)(O)OP(=O)(O)OC[C@H]3O[C@@H](n4cnc5c(N)ncnc54)[C@H](OP(=O)(O)O)[C@@H]3O)[C@@H](O)[C@H]2O)c1.O.O=C1CC(O)OC1=C(O)Cc1ccc(O)cc1,rule0004_10,No_Thermo,Enzymatic
Cc1ccc(C=C2OC(=O)CC2=O)cc1.OO,O.O=C1CC(=O)C(=Cc2ccc(CO)cc2)O1,Cc1ccc(C=C2OC(=O)CC2=O)cc1.OO >> O.O=C1CC(=O)C(=Cc2ccc(CO)cc2)O1,rule1165_1,No_Thermo,Enzymatic
Cl.O=C1CC(O)OC1=C(O)Cc1ccccc1,O.O=C1CC(O)OC1=C(Cl)Cc1ccccc1,Cl.O=C1CC(O)OC1=C(O)Cc1ccccc1 >> O.O=C1CC(O)OC1=C(Cl)Cc1ccccc1,rule0183_6,No_Thermo,Enzymatic
NC(=O)C1=CN([C@@H]2O[C@H](COP(=O)(O)OP(=O)(O)OC[C@H]3O[C@@H](n4cnc5c(N)ncnc54)[C@H](OP(=O)(O)O)[C@@H]3O)[C@@H](O)[C@H]2O)C=CC1.O=C1CC(=O)C(=C(O)Cc2ccccc2)O1.O=O,NC(=O)c1ccc[n+]([C@@H]2O[C@H](COP(=O)(O)OP(=O)(O)OC[C@H]3O[C@@H](n4cnc5c(N)ncnc54)[C@H](OP(=O)(O)O)[C@@H]3O)[C@@H](O)[C@H]2O)c1.O.O=C1CC(=O)C2(O1)OC2(O)Cc1ccccc1,NC(=O)C1=CN([C@@H]2O[C@H](COP(=O)(O)OP(=O)(O)OC[C@H]3O[C@@H](n4cnc5c(N)ncnc54)[C@H](OP(=O)(O)O)[C@@H]3O)[C@@H](O)[C@H]2O)C=CC1.O=C1CC(=O)C(=C(O)Cc2ccccc2)O1.O=O >> NC(=O)c1ccc[n+]([C@@H]2O[C@H](COP(=O)(O)OP(=O)(O)OC[C@H]3O[C@@H](n4cnc5c(N)ncnc54)[C@H](OP(=O)(O)O)[C@@H]3O)[C@@H](O)[C@H]2O)c1.O.O=C1CC(=O)C2(O1)OC2(O)Cc1ccccc1,rule0077_4,No_Thermo,Enzymatic
CC=C1OC(=O)CC1=O.CC=C1OC(=O)CC1=O,C=C1OC(=O)CC1=O.CCC=C1OC(=O)CC1=O,CC=C1OC(=O)CC1=O.CC=C1OC(=O)CC1=O >> C=C1OC(=O)CC1=O.CCC=C1OC(=O)CC1=O,rule0126_2,No_Thermo,Enzymatic
NC(=O)C1=CN([C@@H]2O[C@H](COP(=O)(O)OP(=O)(O)OC[C@H]3O[C@@H](n4cnc5c(N)ncnc54)[C@H](OP(=O)(O)O)[C@@H]3O)[C@@H](O)[C@H]2O)C=CC1.O=C1CC(=O)C(=CCc2cccc(O)c2)O1.O=O,NC(=O)c1ccc[n+]([C@@H]2O[C@H](COP(=O)(O)OP(=O)(O)OC[C@H]3O[C@@H](n4cnc5c(N)ncnc54)[C@H](OP(=O)(O)O)[C@@H]3O)[C@@H](O)[C@H]2O)c1.O.O=C1CC(=O)C(=CC(O)c2cccc(O)c2)O1,NC(=O)C1=CN([C@@H]2O[C@H](COP(=O)(O)OP(=O)(O)OC[C@H]3O[C@@H](n4cnc5c(N)ncnc54)[C@H](OP(=O)(O)O)[C@@H]3O)[C@@H](O)[C@H]2O)C=CC1.O=C1CC(=O)C(=CCc2cccc(O)c2)O1.O=O >> NC(=O)c1ccc[n+]([C@@H]2O[C@H](COP(=O)(O)OP(=O)(O)OC[C@H]3O[C@@H](n4cnc5c(N)ncnc54)[C@H](OP(=O)(O)O)[C@@H]3O)[C@@H](O)[C@H]2O)c1.O.O=C1CC(=O)C(=CC(O)c2cccc(O)c2)O1,rule0004_13,No_Thermo,Enzymatic
NC(=O)C1=CN([C@@H]2O[C@H](COP(=O)(O)OP(=O)(O)OC[C@H]3O[C@@H](n4cnc5c(N)ncnc54)[C@H](OP(=O)(O)O)[C@@H]3O)[C@@H](O)[C@H]2O)C=CC1.O=C1CC(=O)C(=CCC2=CC=CC3OC23)O1.O=O,NC(=O)c1ccc[n+]([C@@H]2O[C@H](COP(=O)(O)OP(=O)(O)OC[C@H]3O[C@@H](n4cnc5c(N)ncnc54)[C@H](OP(=O)(O)O)[C@@H]3O)[C@@H](O)[C@H]2O)c1.O.O=C1CC(=O)C(=CC(O)C2=CC=CC3OC23)O1,NC(=O)C1=CN([C@@H]2O[C@H](COP(=O)(O)OP(=O)(O)OC[C@H]3O[C@@H](n4cnc5c(N)ncnc54)[C@H](OP(=O)(O)O)[C@@H]3O)[C@@H](O)[C@H]2O)C=CC1.O=C1CC(=O)C(=CCC2=CC=CC3OC23)O1.O=O >> NC(=O)c1ccc[n+]([C@@H]2O[C@H](COP(=O)(O)OP(=O)(O)OC[C@H]3O[C@@H](n4cnc5c(N)ncnc54)[C@H](OP(=O)(O)O)[C@@H]3O)[C@@H](O)[C@H]2O)c1.O.O=C1CC(=O)C(=CC(O)C2=CC=CC3OC23)O1,rule0004_13,No_Thermo,Enzymatic
O=C1CC(=O)C(=CCC2(O)C=CC=CC2O)O1,CC1(O)C=CC(C=C2OC(=O)CC2=O)=CC1O,O=C1CC(=O)C(=CCC2(O)C=CC=CC2O)O1 >> CC1(O)C=CC(C=C2OC(=O)CC2=O)=CC1O,rule0028_51,No_Thermo,Enzymatic
O=C1CC(=O)C(=CCC2=CC3OC3C=C2)O1,CC1=CC2OC2(C=C2OC(=O)CC2=O)C=C1,O=C1CC(=O)C(=CCC2=CC3OC3C=C2)O1 >> CC1=CC2OC2(C=C2OC(=O)CC2=O)C=C1,rule0028_51,No_Thermo,Enzymatic
NC(=O)C1=CN([C@@H]2O[C@H](COP(=O)(O)OP(=O)(O)OC[C@H]3O[C@@H](n4cnc5c(N)ncnc54)[C@H](OP(=O)(O)O)[C@@H]3O)[C@@H](O)[C@H]2O)C=CC1.O=C(O)CC(=O)C(O)=CCc1ccccc1.O=O,NC(=O)c1ccc[n+]([C@@H]2O[C@H](COP(=O)(O)OP(=O)(O)OC[C@H]3O[C@@H](n4cnc5c(N)ncnc54)[C@H](OP(=O)(O)O)[C@@H]3O)[C@@H](O)[C@H]2O)c1.O.O=C(O)OCC(=O)C(O)=CCc1ccccc1,NC(=O)C1=CN([C@@H]2O[C@H](COP(=O)(O)OP(=O)(O)OC[C@H]3O[C@@H](n4cnc5c(N)ncnc54)[C@H](OP(=O)(O)O)[C@@H]3O)[C@@H](O)[C@H]2O)C=CC1.O=C(O)CC(=O)C(O)=CCc1ccccc1.O=O >> NC(=O)c1ccc[n+]([C@@H]2O[C@H](COP(=O)(O)OP(=O)(O)OC[C@H]3O[C@@H](n4cnc5c(N)ncnc54)[C@H](OP(=O)(O)O)[C@@H]3O)[C@@H](O)[C@H]2O)c1.O.O=C(O)OCC(=O)C(O)=CCc1ccccc1,rule0083_11,No_Thermo,Enzymatic
O=C1CC(=O)C(=CCC2=CC=CC(O)C2O)O1,O=C1CC(=O)C(=CCC2(O)C=CC=CC2O)O1,O=C1CC(=O)C(=CCC2=CC=CC(O)C2O)O1 >> O=C1CC(=O)C(=CCC2(O)C=CC=CC2O)O1,rule0028_51,No_Thermo,Enzymatic
CC=C1OC(=O)CC1=O.C[S+](CC[C@H](N)C(=O)O)C[C@H]1O[C@@H](n2cnc3c(N)ncnc32)[C@H](O)[C@@H]1O,CC(C)=C1OC(=O)CC1=O.Nc1ncnc2c1ncn2[C@@H]1O[C@H](CSCC[C@H](N)C(=O)O)[C@@H](O)[C@H]1O,CC=C1OC(=O)CC1=O.C[S+](CC[C@H](N)C(=O)O)C[C@H]1O[C@@H](n2cnc3c(N)ncnc32)[C@H](O)[C@@H]1O >> CC(C)=C1OC(=O)CC1=O.Nc1ncnc2c1ncn2[C@@H]1O[C@H](CSCC[C@H](N)C(=O)O)[C@@H](O)[C@H]1O,rule0043_12,No_Thermo,Enzymatic
CC=C1OC(=O)CC1=O.O,CC=C(O)C(=O)CC(=O)O,CC=C1OC(=O)CC1=O.O >> CC=C(O)C(=O)CC(=O)O,rule0035_7,No_Thermo,Enzymatic
O=C1CC(=O)C(=CCC2=CC=CC(O)C2O)O1,CC1=CC=C(C=C2OC(=O)CC2=O)C(O)C1O,O=C1CC(=O)C(=CCC2=CC=CC(O)C2O)O1 >> CC1=CC=C(C=C2OC(=O)CC2=O)C(O)C1O,rule0028_51,No_Thermo,Enzymatic
O.O=C1CC(=O)C(=CC(O)c2ccccc2)O1,O=C1CC(O)C(=C(O)C(O)c2ccccc2)O1,O.O=C1CC(=O)C(=CC(O)c2ccccc2)O1 >> O=C1CC(O)C(=C(O)C(O)c2ccccc2)O1,rule0070_6,No_Thermo,Enzymatic
O=C1CC(=O)C(=CCc2ccccc2O)O1.OO,O.O=C1CC(=O)C(=CCc2ccc(O)cc2O)O1,O=C1CC(=O)C(=CCc2ccccc2O)O1.OO >> O.O=C1CC(=O)C(=CCc2ccc(O)cc2O)O1,rule1165_2,No_Thermo,Enzymatic
NC(=O)C1=CN([C@@H]2O[C@H](COP(=O)(O)OP(=O)(O)OC[C@H]3O[C@@H](n4cnc5c(N)ncnc54)[C@H](OP(=O)(O)O)[C@@H]3O)[C@@H](O)[C@H]2O)C=CC1.O=C1CC(O)C(=CC(O)c2ccccc2)O1.O=O,NC(=O)c1ccc[n+]([C@@H]2O[C@H](COP(=O)(O)OP(=O)(O)OC[C@H]3O[C@@H](n4cnc5c(N)ncnc54)[C@H](OP(=O)(O)O)[C@@H]3O)[C@@H](O)[C@H]2O)c1.O.O=C1CC(O)C(=CC(O)C2=CC3OC3C=C2)O1,NC(=O)C1=CN([C@@H]2O[C@H](COP(=O)(O)OP(=O)(O)OC[C@H]3O[C@@H](n4cnc5c(N)ncnc54)[C@H](OP(=O)(O)O)[C@@H]3O)[C@@H](O)[C@H]2O)C=CC1.O=C1CC(O)C(=CC(O)c2ccccc2)O1.O=O >> NC(=O)c1ccc[n+]([C@@H]2O[C@H](COP(=O)(O)OP(=O)(O)OC[C@H]3O[C@@H](n4cnc5c(N)ncnc54)[C@H](OP(=O)(O)O)[C@@H]3O)[C@@H](O)[C@H]2O)c1.O.O=C1CC(O)C(=CC(O)C2=CC3OC3C=C2)O1,rule0951_1,No_Thermo,Enzymatic
NC(=O)C1=CN([C@@H]2O[C@H](COP(=O)(O)OP(=O)(O)OC[C@H]3O[C@@H](n4cnc5c(N)ncnc54)[C@H](OP(=O)(O)O)[C@@H]3O)[C@@H](O)[C@H]2O)C=CC1.O=C1CC(=O)C(=CCc2cccc(O)c2)O1.O=O,NC(=O)c1ccc[n+]([C@@H]2O[C@H](COP(=O)(O)OP(=O)(O)OC[C@H]3O[C@@H](n4cnc5c(N)ncnc54)[C@H](OP(=O)(O)O)[C@@H]3O)[C@@H](O)[C@H]2O)c1.O.O=C1CC(=O)C(=CCC2=CC(O)=CC3OC23)O1,NC(=O)C1=CN([C@@H]2O[C@H](COP(=O)(O)OP(=O)(O)OC[C@H]3O[C@@H](n4cnc5c(N)ncnc54)[C@H](OP(=O)(O)O)[C@@H]3O)[C@@H](O)[C@H]2O)C=CC1.O=C1CC(=O)C(=CCc2cccc(O)c2)O1.O=O >> NC(=O)c1ccc[n+]([C@@H]2O[C@H](COP(=O)(O)OP(=O)(O)OC[C@H]3O[C@@H](n4cnc5c(N)ncnc54)[C@H](OP(=O)(O)O)[C@@H]3O)[C@@H](O)[C@H]2O)c1.O.O=C1CC(=O)C(=CCC2=CC(O)=CC3OC23)O1,rule0951_1,No_Thermo,Enzymatic
O=C1CC(=O)C(=CCc2ccccc2O)O1.OO,O.O=C1CC(=O)C(=CCc2cc(O)ccc2O)O1,O=C1CC(=O)C(=CCc2ccccc2O)O1.OO >> O.O=C1CC(=O)C(=CCc2cc(O)ccc2O)O1,rule1165_2,No_Thermo,Enzymatic
O=C1CC(=O)C(=C(O)Cc2ccccc2)O1.OO,O.O=C1CC(=O)C(=C(O)Cc2cccc(O)c2)O1,O=C1CC(=O)C(=C(O)Cc2ccccc2)O1.OO >> O.O=C1CC(=O)C(=C(O)Cc2cccc(O)c2)O1,rule1165_2,No_Thermo,Enzymatic
O.O=C1CC(=O)C(=CCc2ccccc2O)O1,O=C1CC(O)C(=C(O)Cc2ccccc2O)O1,O.O=C1CC(=O)C(=CCc2ccccc2O)O1 >> O=C1CC(O)C(=C(O)Cc2ccccc2O)O1,rule0070_6,No_Thermo,Enzymatic
NC(=O)C1=CN([C@@H]2O[C@H](COP(=O)(O)OP(=O)(O)OC[C@H]3O[C@@H](n4cnc5c(N)ncnc54)[C@H](OP(=O)(O)O)[C@@H]3O)[C@@H](O)[C@H]2O)C=CC1.O=O.Oc1ccccc1,NC(=O)c1ccc[n+]([C@@H]2O[C@H](COP(=O)(O)OP(=O)(O)OC[C@H]3O[C@@H](n4cnc5c(N)ncnc54)[C@H](OP(=O)(O)O)[C@@H]3O)[C@@H](O)[C@H]2O)c1.O.Oc1cccc(O)c1,NC(=O)C1=CN([C@@H]2O[C@H](COP(=O)(O)OP(=O)(O)OC[C@H]3O[C@@H](n4cnc5c(N)ncnc54)[C@H](OP(=O)(O)O)[C@@H]3O)[C@@H](O)[C@H]2O)C=CC1.O=O.Oc1ccccc1 >> NC(=O)c1ccc[n+]([C@@H]2O[C@H](COP(=O)(O)OP(=O)(O)OC[C@H]3O[C@@H](n4cnc5c(N)ncnc54)[C@H](OP(=O)(O)O)[C@@H]3O)[C@@H](O)[C@H]2O)c1.O.Oc1cccc(O)c1,rule0004_10,No_Thermo,Enzymatic
NC(=O)C1=CN([C@@H]2O[C@H](COP(=O)(O)OP(=O)(O)OC[C@H]3O[C@@H](n4cnc5c(N)ncnc54)[C@H](OP(=O)(O)O)[C@@H]3O)[C@@H](O)[C@H]2O)C=CC1.O=C1CC(=O)C(=CCc2ccccc2O)O1.O=O,NC(=O)c1ccc[n+]([C@@H]2O[C@H](COP(=O)(O)OP(=O)(O)OC[C@H]3O[C@@H](n4cnc5c(N)ncnc54)[C@H](OP(=O)(O)O)[C@@H]3O)[C@@H](O)[C@H]2O)c1.O.O=C1CC(=O)C(=CCC2=C(O)C=CC3OC23)O1,NC(=O)C1=CN([C@@H]2O[C@H](COP(=O)(O)OP(=O)(O)OC[C@H]3O[C@@H](n4cnc5c(N)ncnc54)[C@H](OP(=O)(O)O)[C@@H]3O)[C@@H](O)[C@H]2O)C=CC1.O=C1CC(=O)C(=CCc2ccccc2O)O1.O=O >> NC(=O)c1ccc[n+]([C@@H]2O[C@H](COP(=O)(O)OP(=O)(O)OC[C@H]3O[C@@H](n4cnc5c(N)ncnc54)[C@H](OP(=O)(O)O)[C@@H]3O)[C@@H](O)[C@H]2O)c1.O.O=C1CC(=O)C(=CCC2=C(O)C=CC3OC23)O1,rule0951_1,No_Thermo,Enzymatic
O.O=C1CC(O)OC1=CC(O)c1ccccc1,O=C1CC(O)OC1(O)CC(O)c1ccccc1,O.O=C1CC(O)OC1=CC(O)c1ccccc1 >> O=C1CC(O)OC1(O)CC(O)c1ccccc1,rule0020_19,No_Thermo,Enzymatic
O=C1CC(=O)C(=CCC2=CC3OC3C=C2)O1,CC1=CC2OC2C=C1C=C1OC(=O)CC1=O,O=C1CC(=O)C(=CCC2=CC3OC3C=C2)O1 >> CC1=CC2OC2C=C1C=C1OC(=O)CC1=O,rule0028_51,No_Thermo,Enzymatic
O.O=C1CC(=O)C(=CCc2cccc(O)c2)O1,O=C1CC(O)C(=CC(O)c2cccc(O)c2)O1,O.O=C1CC(=O)C(=CCc2cccc(O)c2)O1 >> O=C1CC(O)C(=CC(O)c2cccc(O)c2)O1,rule0070_6,No_Thermo,Enzymatic
NC(=O)C1=CN([C@@H]2O[C@H](COP(=O)(O)OP(=O)(O)OC[C@H]3O[C@@H](n4cnc5c(N)ncnc54)[C@H](OP(=O)(O)O)[C@@H]3O)[C@@H](O)[C@H]2O)C=CC1.O=C1CC(=O)C(=CCc2ccccc2)O1.O=O,NC(=O)c1ccc[n+]([C@@H]2O[C@H](COP(=O)(O)OP(=O)(O)OC[C@H]3O[C@@H](n4cnc5c(N)ncnc54)[C@H](OP(=O)(O)O)[C@@H]3O)[C@@H](O)[C@H]2O)c1.O=C1CC(=O)C(=CCC2(O)C=CC=CC2O)O1,NC(=O)C1=CN([C@@H]2O[C@H](COP(=O)(O)OP(=O)(O)OC[C@H]3O[C@@H](n4cnc5c(N)ncnc54)[C@H](OP(=O)(O)O)[C@@H]3O)[C@@H](O)[C@H]2O)C=CC1.O=C1CC(=O)C(=CCc2ccccc2)O1.O=O >> NC(=O)c1ccc[n+]([C@@H]2O[C@H](COP(=O)(O)OP(=O)(O)OC[C@H]3O[C@@H](n4cnc5c(N)ncnc54)[C@H](OP(=O)(O)O)[C@@H]3O)[C@@H](O)[C@H]2O)c1.O=C1CC(=O)C(=CCC2(O)C=CC=CC2O)O1,rule0094_1,No_Thermo,Enzymatic
NC(=O)C1=CN([C@@H]2O[C@H](COP(=O)(O)OP(=O)(O)OC[C@H]3O[C@@H](n4cnc5c(N)ncnc54)[C@H](OP(=O)(O)O)[C@@H]3O)[C@@H](O)[C@H]2O)C=CC1.O=O.Oc1ccccc1,NC(=O)c1ccc[n+]([C@@H]2O[C@H](COP(=O)(O)OP(=O)(O)OC[C@H]3O[C@@H](n4cnc5c(N)ncnc54)[C@H](OP(=O)(O)O)[C@@H]3O)[C@@H](O)[C@H]2O)c1.OC1=CC(O)C(O)C=C1,NC(=O)C1=CN([C@@H]2O[C@H](COP(=O)(O)OP(=O)(O)OC[C@H]3O[C@@H](n4cnc5c(N)ncnc54)[C@H](OP(=O)(O)O)[C@@H]3O)[C@@H](O)[C@H]2O)C=CC1.O=O.Oc1ccccc1 >> NC(=O)c1ccc[n+]([C@@H]2O[C@H](COP(=O)(O)OP(=O)(O)OC[C@H]3O[C@@H](n4cnc5c(N)ncnc54)[C@H](OP(=O)(O)O)[C@@H]3O)[C@@H](O)[C@H]2O)c1.OC1=CC(O)C(O)C=C1,rule0094_1,No_Thermo,Enzymatic
O=C(O)CC(=O)C(O)=CCc1ccccc1.OO,O=C(CC(O)O)C(O)=CCc1ccccc1.O=O,O=C(O)CC(=O)C(O)=CCc1ccccc1.OO >> O=C(CC(O)O)C(O)=CCc1ccccc1.O=O,rule0078_14,No_Thermo,Enzymatic
O=C1CC(=O)C(=CCC2=CC=CC(O)C2O)O1,CC1=CC=CC(O)(C=C2OC(=O)CC2=O)C1O,O=C1CC(=O)C(=CCC2=CC=CC(O)C2O)O1 >> CC1=CC=CC(O)(C=C2OC(=O)CC2=O)C1O,rule0028_51,No_Thermo,Enzymatic
O.O=C1CC(O)C(=C(O)Cc2ccccc2)O1,OC(=C1OC(O)CC1O)C(O)c1ccccc1,O.O=C1CC(O)C(=C(O)Cc2ccccc2)O1 >> OC(=C1OC(O)CC1O)C(O)c1ccccc1,rule0070_6,No_Thermo,Enzymatic
NC(=O)C1=CN([C@@H]2O[C@H](COP(=O)(O)OP(=O)(O)OC[C@H]3O[C@@H](n4cnc5c(N)ncnc54)[C@H](OP(=O)(O)O)[C@@H]3O)[C@@H](O)[C@H]2O)C=CC1.O=C1CC(=O)C(=CCc2ccccc2O)O1.O=O,NC(=O)c1ccc[n+]([C@@H]2O[C@H](COP(=O)(O)OP(=O)(O)OC[C@H]3O[C@@H](n4cnc5c(N)ncnc54)[C@H](OP(=O)(O)O)[C@@H]3O)[C@@H](O)[C@H]2O)c1.O.O=C1CC(=O)C(=CCc2cccc(O)c2O)O1,NC(=O)C1=CN([C@@H]2O[C@H](COP(=O)(O)OP(=O)(O)OC[C@H]3O[C@@H](n4cnc5c(N)ncnc54)[C@H](OP(=O)(O)O)[C@@H]3O)[C@@H](O)[C@H]2O)C=CC1.O=C1CC(=O)C(=CCc2ccccc2O)O1.O=O >> NC(=O)c1ccc[n+]([C@@H]2O[C@H](COP(=O)(O)OP(=O)(O)OC[C@H]3O[C@@H](n4cnc5c(N)ncnc54)[C@H](OP(=O)(O)O)[C@@H]3O)[C@@H](O)[C@H]2O)c1.O.O=C1CC(=O)C(=CCc2cccc(O)c2O)O1,rule0004_09,No_Thermo,Enzymatic
O=C(O)CC(=O)C(O)=CCc1ccccc1,O=CC(O)=CCc1ccccc1CC(=O)O,O=C(O)CC(=O)C(O)=CCc1ccccc1 >> O=CC(O)=CCc1ccccc1CC(=O)O,rule0028_46,No_Thermo,Enzymatic
CC=C1OC(=O)CC1=O.NC(=O)C1=CN([C@@H]2O[C@H](COP(=O)(O)OP(=O)(O)OC[C@H]3O[C@@H](n4cnc5c(N)ncnc54)[C@H](OP(=O)(O)O)[C@@H]3O)[C@@H](O)[C@H]2O)C=CC1.O=O,CC1OC12OC(=O)CC2=O.NC(=O)c1ccc[n+]([C@@H]2O[C@H](COP(=O)(O)OP(=O)(O)OC[C@H]3O[C@@H](n4cnc5c(N)ncnc54)[C@H](OP(=O)(O)O)[C@@H]3O)[C@@H](O)[C@H]2O)c1.O,CC=C1OC(=O)CC1=O.NC(=O)C1=CN([C@@H]2O[C@H](COP(=O)(O)OP(=O)(O)OC[C@H]3O[C@@H](n4cnc5c(N)ncnc54)[C@H](OP(=O)(O)O)[C@@H]3O)[C@@H](O)[C@H]2O)C=CC1.O=O >> CC1OC12OC(=O)CC2=O.NC(=O)c1ccc[n+]([C@@H]2O[C@H](COP(=O)(O)OP(=O)(O)OC[C@H]3O[C@@H](n4cnc5c(N)ncnc54)[C@H](OP(=O)(O)O)[C@@H]3O)[C@@H](O)[C@H]2O)c1.O,rule0077_4,No_Thermo,Enzymatic
O.O=C1CC(=O)C(=CCC2=CC=CC3OC23)O1,O=C(O)CC(=O)C(O)=CCC1=CC=CC2OC12,O.O=C1CC(=O)C(=CCC2=CC=CC3OC23)O1 >> O=C(O)CC(=O)C(O)=CCC1=CC=CC2OC12,rule0035_7,No_Thermo,Enzymatic
O=C1CC(=O)C(=CCC2(O)C=CC=CC2O)O1,O=C1CC(=O)C(=CCC2=CC=CC(O)C2O)O1,O=C1CC(=O)C(=CCC2(O)C=CC=CC2O)O1 >> O=C1CC(=O)C(=CCC2=CC=CC(O)C2O)O1,rule0028_51,No_Thermo,Enzymatic
NC(=O)C1=CN([C@@H]2O[C@H](COP(=O)(O)OP(=O)(O)OC[C@H]3O[C@@H](n4cnc5c(N)ncnc54)[C@H](OP(=O)(O)O)[C@@H]3O)[C@@H](O)[C@H]2O)C=CC1.O=C1CC(O)C(=C(O)Cc2ccccc2)O1.O=O,NC(=O)c1ccc[n+]([C@@H]2O[C@H](COP(=O)(O)OP(=O)(O)OC[C@H]3O[C@@H](n4cnc5c(N)ncnc54)[C@H](OP(=O)(O)O)[C@@H]3O)[C@@H](O)[C@H]2O)c1.O.O=C1CC(O)C(=C(O)CC2=CC3OC3C=C2)O1,NC(=O)C1=CN([C@@H]2O[C@H](COP(=O)(O)OP(=O)(O)OC[C@H]3O[C@@H](n4cnc5c(N)ncnc54)[C@H](OP(=O)(O)O)[C@@H]3O)[C@@H](O)[C@H]2O)C=CC1.O=C1CC(O)C(=C(O)Cc2ccccc2)O1.O=O >> NC(=O)c1ccc[n+]([C@@H]2O[C@H](COP(=O)(O)OP(=O)(O)OC[C@H]3O[C@@H](n4cnc5c(N)ncnc54)[C@H](OP(=O)(O)O)[C@@H]3O)[C@@H](O)[C@H]2O)c1.O.O=C1CC(O)C(=C(O)CC2=CC3OC3C=C2)O1,rule0951_1,No_Thermo,Enzymatic
O=C(O)CC(=O)C(O)=CCc1ccccc1,O=C1CC(O)OC(c2ccccc2)C=C1O,O=C(O)CC(=O)C(O)=CCc1ccccc1 >> O=C1CC(O)OC(c2ccccc2)C=C1O,rule0169_1,No_Thermo,Enzymatic
O=C=O.Oc1ccccc1,O=C(O)c1ccccc1O,O=C=O.Oc1ccccc1 >> O=C(O)c1ccccc1O,rule0023_09,No_Thermo,Enzymatic
O=C(O)CC(=O)C(O)=CCc1ccccc1.OO,O.O=CCC(=O)C(O)=CCc1ccccc1.O=O,O=C(O)CC(=O)C(O)=CCc1ccccc1.OO >> O.O=CCC(=O)C(O)=CCc1ccccc1.O=O,rule0147_2,No_Thermo,Enzymatic
OO.Oc1ccccc1,O.Oc1cccc(O)c1,OO.Oc1ccccc1 >> O.Oc1cccc(O)c1,rule1165_2,No_Thermo,Enzymatic
NC(=O)C1=CN([C@@H]2O[C@H](COP(=O)(O)OP(=O)(O)OC[C@H]3O[C@@H](n4cnc5c(N)ncnc54)[C@H](OP(=O)(O)O)[C@@H]3O)[C@@H](O)[C@H]2O)C=CC1.O=C1CC(=O)C(=CCc2cccc(O)c2)O1.O=O,NC(=O)c1ccc[n+]([C@@H]2O[C@H](COP(=O)(O)OP(=O)(O)OC[C@H]3O[C@@H](n4cnc5c(N)ncnc54)[C@H](OP(=O)(O)O)[C@@H]3O)[C@@H](O)[C@H]2O)c1.O.O=C1CC(=O)C(=CCc2cc(O)cc(O)c2)O1,NC(=O)C1=CN([C@@H]2O[C@H](COP(=O)(O)OP(=O)(O)OC[C@H]3O[C@@H](n4cnc5c(N)ncnc54)[C@H](OP(=O)(O)O)[C@@H]3O)[C@@H](O)[C@H]2O)C=CC1.O=C1CC(=O)C(=CCc2cccc(O)c2)O1.O=O >> NC(=O)c1ccc[n+]([C@@H]2O[C@H](COP(=O)(O)OP(=O)(O)OC[C@H]3O[C@@H](n4cnc5c(N)ncnc54)[C@H](OP(=O)(O)O)[C@@H]3O)[C@@H](O)[C@H]2O)c1.O.O=C1CC(=O)C(=CCc2cc(O)cc(O)c2)O1,rule0004_09,No_Thermo,Enzymatic
O=C1CC(O)C(=CC(O)c2ccccc2)O1,O=C1CC(O)C(=Cc2ccc(CO)cc2)O1,O=C1CC(O)C(=CC(O)c2ccccc2)O1 >> O=C1CC(O)C(=Cc2ccc(CO)cc2)O1,rule0028_51,No_Thermo,Enzymatic
O=C1CC(=O)C(=CCC2(O)C=CC=CC2O)O1,C=C1OC(=O)C(CC2(O)C=CC=CC2O)C1=O,O=C1CC(=O)C(=CCC2(O)C=CC=CC2O)O1 >> C=C1OC(=O)C(CC2(O)C=CC=CC2O)C1=O,rule0028_51,No_Thermo,Enzymatic
NC(=O)C1=CN([C@@H]2O[C@H](COP(=O)(O)OP(=O)(O)OC[C@H]3O[C@@H](n4cnc5c(N)ncnc54)[C@H](OP(=O)(O)O)[C@@H]3O)[C@@H](O)[C@H]2O)C=CC1.O=C1CC(=O)C(O)(CCc2ccccc2)O1.O=O,NC(=O)c1ccc[n+]([C@@H]2O[C@H](COP(=O)(O)OP(=O)(O)OC[C@H]3O[C@@H](n4cnc5c(N)ncnc54)[C@H](OP(=O)(O)O)[C@@H]3O)[C@@H](O)[C@H]2O)c1.O.O=C1CC(=O)C(O)(CC(O)c2ccccc2)O1,NC(=O)C1=CN([C@@H]2O[C@H](COP(=O)(O)OP(=O)(O)OC[C@H]3O[C@@H](n4cnc5c(N)ncnc54)[C@H](OP(=O)(O)O)[C@@H]3O)[C@@H](O)[C@H]2O)C=CC1.O=C1CC(=O)C(O)(CCc2ccccc2)O1.O=O >> NC(=O)c1ccc[n+]([C@@H]2O[C@H](COP(=O)(O)OP(=O)(O)OC[C@H]3O[C@@H](n4cnc5c(N)ncnc54)[C@H](OP(=O)(O)O)[C@@H]3O)[C@@H](O)[C@H]2O)c1.O.O=C1CC(=O)C(O)(CC(O)c2ccccc2)O1,rule0004_13,No_Thermo,Enzymatic
O=C(O)CC(=O)C(O)=CCc1ccccc1,O=C(CC(O)O)C1=CCc2cccc(c2)O1,O=C(O)CC(=O)C(O)=CCc1ccccc1 >> O=C(CC(O)O)C1=CCc2cccc(c2)O1,rule0169_1,No_Thermo,Enzymatic
O.O=C1CC(=O)C(O)(CCc2ccccc2)O1,O=C(O)CC(=O)C(O)(O)CCc1ccccc1,O.O=C1CC(=O)C(O)(CCc2ccccc2)O1 >> O=C(O)CC(=O)C(O)(O)CCc1ccccc1,rule0035_7,No_Thermo,Enzymatic
NC(=O)C1=CN([C@@H]2O[C@H](COP(=O)(O)OP(=O)(O)OC[C@H]3O[C@@H](n4cnc5c(N)ncnc54)[C@H](OP(=O)(O)O)[C@@H]3O)[C@@H](O)[C@H]2O)C=CC1.O=C1CC(O)OC1=C(O)Cc1ccccc1.O=O,NC(=O)c1ccc[n+]([C@@H]2O[C@H](COP(=O)(O)OP(=O)(O)OC[C@H]3O[C@@H](n4cnc5c(N)ncnc54)[C@H](OP(=O)(O)O)[C@@H]3O)[C@@H](O)[C@H]2O)c1.O.O=C1CC(O)OC1=C(O)CC1=CC=CC2OC12,NC(=O)C1=CN([C@@H]2O[C@H](COP(=O)(O)OP(=O)(O)OC[C@H]3O[C@@H](n4cnc5c(N)ncnc54)[C@H](OP(=O)(O)O)[C@@H]3O)[C@@H](O)[C@H]2O)C=CC1.O=C1CC(O)OC1=C(O)Cc1ccccc1.O=O >> NC(=O)c1ccc[n+]([C@@H]2O[C@H](COP(=O)(O)OP(=O)(O)OC[C@H]3O[C@@H](n4cnc5c(N)ncnc54)[C@H](OP(=O)(O)O)[C@@H]3O)[C@@H](O)[C@H]2O)c1.O.O=C1CC(O)OC1=C(O)CC1=CC=CC2OC12,rule0951_1,No_Thermo,Enzymatic
NC(=O)C1=CN([C@@H]2O[C@H](COP(=O)(O)OP(=O)(O)OC[C@H]3O[C@@H](n4cnc5c(N)ncnc54)[C@H](OP(=O)(O)O)[C@@H]3O)[C@@H](O)[C@H]2O)C=CC1.O=C1CC(=O)C(=CC(O)c2ccccc2)O1.O=O,NC(=O)c1ccc[n+]([C@@H]2O[C@H](COP(=O)(O)OP(=O)(O)OC[C@H]3O[C@@H](n4cnc5c(N)ncnc54)[C@H](OP(=O)(O)O)[C@@H]3O)[C@@H](O)[C@H]2O)c1.O.O=C1CC(=O)C2(O1)OC2C(O)c1ccccc1,NC(=O)C1=CN([C@@H]2O[C@H](COP(=O)(O)OP(=O)(O)OC[C@H]3O[C@@H](n4cnc5c(N)ncnc54)[C@H](OP(=O)(O)O)[C@@H]3O)[C@@H](O)[C@H]2O)C=CC1.O=C1CC(=O)C(=CC(O)c2ccccc2)O1.O=O >> NC(=O)c1ccc[n+]([C@@H]2O[C@H](COP(=O)(O)OP(=O)(O)OC[C@H]3O[C@@H](n4cnc5c(N)ncnc54)[C@H](OP(=O)(O)O)[C@@H]3O)[C@@H](O)[C@H]2O)c1.O.O=C1CC(=O)C2(O1)OC2C(O)c1ccccc1,rule0077_4,No_Thermo,Enzymatic
O.O=C1CC(=O)C(=CC(O)c2ccccc2)O1,O=C1CC(=O)C(O)(CC(O)c2ccccc2)O1,O.O=C1CC(=O)C(=CC(O)c2ccccc2)O1 >> O=C1CC(=O)C(O)(CC(O)c2ccccc2)O1,rule0020_19,No_Thermo,Enzymatic
O=C1CC(=O)C(=C(O)Cc2ccccc2)O1,Cc1ccc(C(O)=C2OC(=O)CC2=O)cc1,O=C1CC(=O)C(=C(O)Cc2ccccc2)O1 >> Cc1ccc(C(O)=C2OC(=O)CC2=O)cc1,rule0028_50,No_Thermo,Enzymatic
CC=C1OC(=O)CC1=O.C[S+](CC[C@H](N)C(=O)O)C[C@H]1O[C@@H](n2cnc3c(N)ncnc32)[C@H](O)[C@@H]1O,CCC=C1OC(=O)CC1=O.Nc1ncnc2c1ncn2[C@@H]1O[C@H](CSCC[C@H](N)C(=O)O)[C@@H](O)[C@H]1O,CC=C1OC(=O)CC1=O.C[S+](CC[C@H](N)C(=O)O)C[C@H]1O[C@@H](n2cnc3c(N)ncnc32)[C@H](O)[C@@H]1O >> CCC=C1OC(=O)CC1=O.Nc1ncnc2c1ncn2[C@@H]1O[C@H](CSCC[C@H](N)C(=O)O)[C@@H](O)[C@H]1O,rule0043_12,No_Thermo,Enzymatic
O=C1CC(=O)C(=C(O)Cc2ccccc2)O1.OO,O.O=C1CC(=O)C(=C(O)Cc2ccccc2O)O1,O=C1CC(=O)C(=C(O)Cc2ccccc2)O1.OO >> O.O=C1CC(=O)C(=C(O)Cc2ccccc2O)O1,rule1165_2,No_Thermo,Enzymatic
Cc1ccc(C=C2OC(=O)CC2=O)cc1.O,Cc1ccc(C(O)C2OC(=O)CC2=O)cc1,Cc1ccc(C=C2OC(=O)CC2=O)cc1.O >> Cc1ccc(C(O)C2OC(=O)CC2=O)cc1,rule0020_15,No_Thermo,Enzymatic
NC(=O)C1=CN([C@@H]2O[C@H](COP(=O)(O)OP(=O)(O)OC[C@H]3O[C@@H](n4cnc5c(N)ncnc54)[C@H](OP(=O)(O)O)[C@@H]3O)[C@@H](O)[C@H]2O)C=CC1.O=C1CC(=O)C(=CCc2ccccc2O)O1.O=O,NC(=O)c1ccc[n+]([C@@H]2O[C@H](COP(=O)(O)OP(=O)(O)OC[C@H]3O[C@@H](n4cnc5c(N)ncnc54)[C@H](OP(=O)(O)O)[C@@H]3O)[C@@H](O)[C@H]2O)c1.O.O=C1CC(=O)C(=C(O)Cc2ccccc2O)O1,NC(=O)C1=CN([C@@H]2O[C@H](COP(=O)(O)OP(=O)(O)OC[C@H]3O[C@@H](n4cnc5c(N)ncnc54)[C@H](OP(=O)(O)O)[C@@H]3O)[C@@H](O)[C@H]2O)C=CC1.O=C1CC(=O)C(=CCc2ccccc2O)O1.O=O >> NC(=O)c1ccc[n+]([C@@H]2O[C@H](COP(=O)(O)OP(=O)(O)OC[C@H]3O[C@@H](n4cnc5c(N)ncnc54)[C@H](OP(=O)(O)O)[C@@H]3O)[C@@H](O)[C@H]2O)c1.O.O=C1CC(=O)C(=C(O)Cc2ccccc2O)O1,rule0004_13,No_Thermo,Enzymatic
NC(=O)C1=CN([C@@H]2O[C@H](COP(=O)(O)OP(=O)(O)OC[C@H]3O[C@@H](n4cnc5c(N)ncnc54)[C@H](OP(=O)(O)O)[C@@H]3O)[C@@H](O)[C@H]2O)C=CC1.O=C1CC(=O)C2(O1)OC2Cc1ccccc1.O=O,NC(=O)c1ccc[n+]([C@@H]2O[C@H](COP(=O)(O)OP(=O)(O)OC[C@H]3O[C@@H](n4cnc5c(N)ncnc54)[C@H](OP(=O)(O)O)[C@@H]3O)[C@@H](O)[C@H]2O)c1.O.O=C1CC(=O)C2(O1)OC2CC1=CC=CC2OC12,NC(=O)C1=CN([C@@H]2O[C@H](COP(=O)(O)OP(=O)(O)OC[C@H]3O[C@@H](n4cnc5c(N)ncnc54)[C@H](OP(=O)(O)O)[C@@H]3O)[C@@H](O)[C@H]2O)C=CC1.O=C1CC(=O)C2(O1)OC2Cc1ccccc1.O=O >> NC(=O)c1ccc[n+]([C@@H]2O[C@H](COP(=O)(O)OP(=O)(O)OC[C@H]3O[C@@H](n4cnc5c(N)ncnc54)[C@H](OP(=O)(O)O)[C@@H]3O)[C@@H](O)[C@H]2O)c1.O.O=C1CC(=O)C2(O1)OC2CC1=CC=CC2OC12,rule0951_1,No_Thermo,Enzymatic
Cc1ccc(C=C2OC(=O)CC2=O)cc1.O,C.O=C1CC(=O)C(=Cc2ccc(O)cc2)O1,Cc1ccc(C=C2OC(=O)CC2=O)cc1.O >> C.O=C1CC(=O)C(=Cc2ccc(O)cc2)O1,rule0085_1,No_Thermo,Enzymatic
NC(=O)C1=CN([C@@H]2O[C@H](COP(=O)(O)OP(=O)(O)OC[C@H]3O[C@@H](n4cnc5c(N)ncnc54)[C@H](OP(=O)(O)O)[C@@H]3O)[C@@H](O)[C@H]2O)C=CC1.O=C(O)CC(=O)C(O)=CCc1ccccc1,NC(=O)c1ccc[n+]([C@@H]2O[C@H](COP(=O)(O)OP(=O)(O)OC[C@H]3O[C@@H](n4cnc5c(N)ncnc54)[C@H](OP(=O)(O)O)[C@@H]3O)[C@@H](O)[C@H]2O)c1.O=C(O)CC(O)C(O)=CCc1ccccc1,NC(=O)C1=CN([C@@H]2O[C@H](COP(=O)(O)OP(=O)(O)OC[C@H]3O[C@@H](n4cnc5c(N)ncnc54)[C@H](OP(=O)(O)O)[C@@H]3O)[C@@H](O)[C@H]2O)C=CC1.O=C(O)CC(=O)C(O)=CCc1ccccc1 >> NC(=O)c1ccc[n+]([C@@H]2O[C@H](COP(=O)(O)OP(=O)(O)OC[C@H]3O[C@@H](n4cnc5c(N)ncnc54)[C@H](OP(=O)(O)O)[C@@H]3O)[C@@H](O)[C@H]2O)c1.O=C(O)CC(O)C(O)=CCc1ccccc1,rule0003_164,No_Thermo,Enzymatic
NC(=O)C1=CN([C@@H]2O[C@H](COP(=O)(O)OP(=O)(O)OC[C@H]3O[C@@H](n4cnc5c(N)ncnc54)[C@H](OP(=O)(O)O)[C@@H]3O)[C@@H](O)[C@H]2O)C=CC1.O=C1CC(=O)C(=CCC23C=CC=CC2O3)O1.O=O,NC(=O)c1ccc[n+]([C@@H]2O[C@H](COP(=O)(O)OP(=O)(O)OC[C@H]3O[C@@H](n4cnc5c(N)ncnc54)[C@H](OP(=O)(O)O)[C@@H]3O)[C@@H](O)[C@H]2O)c1.O.O=C1CC(=O)C2(O1)OC2CC12C=CC=CC1O2,NC(=O)C1=CN([C@@H]2O[C@H](COP(=O)(O)OP(=O)(O)OC[C@H]3O[C@@H](n4cnc5c(N)ncnc54)[C@H](OP(=O)(O)O)[C@@H]3O)[C@@H](O)[C@H]2O)C=CC1.O=C1CC(=O)C(=CCC23C=CC=CC2O3)O1.O=O >> NC(=O)c1ccc[n+]([C@@H]2O[C@H](COP(=O)(O)OP(=O)(O)OC[C@H]3O[C@@H](n4cnc5c(N)ncnc54)[C@H](OP(=O)(O)O)[C@@H]3O)[C@@H](O)[C@H]2O)c1.O.O=C1CC(=O)C2(O1)OC2CC12C=CC=CC1O2,rule0077_4,No_Thermo,Enzymatic
Cc1ccc(C=C2OC(=O)CC2=O)cc1.O,Cc1ccc(C=C(O)C(=O)CC(=O)O)cc1,Cc1ccc(C=C2OC(=O)CC2=O)cc1.O >> Cc1ccc(C=C(O)C(=O)CC(=O)O)cc1,rule0035_7,No_Thermo,Enzymatic
Cc1cccc(C=C2OC(=O)CC2=O)c1.NC(=O)C1=CN([C@@H]2O[C@H](COP(=O)(O)OP(=O)(O)OC[C@H]3O[C@@H](n4cnc5c(N)ncnc54)[C@H](OP(=O)(O)O)[C@@H]3O)[C@@H](O)[C@H]2O)C=CC1.O=O,CC1(O)C=CC=C(C=C2OC(=O)CC2=O)C1O.NC(=O)c1ccc[n+]([C@@H]2O[C@H](COP(=O)(O)OP(=O)(O)OC[C@H]3O[C@@H](n4cnc5c(N)ncnc54)[C@H](OP(=O)(O)O)[C@@H]3O)[C@@H](O)[C@H]2O)c1,Cc1cccc(C=C2OC(=O)CC2=O)c1.NC(=O)C1=CN([C@@H]2O[C@H](COP(=O)(O)OP(=O)(O)OC[C@H]3O[C@@H](n4cnc5c(N)ncnc54)[C@H](OP(=O)(O)O)[C@@H]3O)[C@@H](O)[C@H]2O)C=CC1.O=O >> CC1(O)C=CC=C(C=C2OC(=O)CC2=O)C1O.NC(=O)c1ccc[n+]([C@@H]2O[C@H](COP(=O)(O)OP(=O)(O)OC[C@H]3O[C@@H](n4cnc5c(N)ncnc54)[C@H](OP(=O)(O)O)[C@@H]3O)[C@@H](O)[C@H]2O)c1,rule0094_1,No_Thermo,Enzymatic
